PostalCode,Session_Id
00623,1
00680,1
00729,1
00801,1
00909,1
00921,1
00926,1
00927,2
00961,2
00976,2
01002,3
01003,2
01005,1
01013,3
01027,1
01030,1
01040,3
01060,6
01062,2
01069,1
01073,2
01075,3
01077,1
01098,1
01104,1
01106,2
01109,1
01118,1
01119,1
01201,5
01220,1
01223,1
01226,1
01230,3
01236,1
01240,1
01245,1
01247,2
01254,1
01258,1
01267,3
01331,1
01340,1
01342,2
01364,1
01370,1
01420,1
01430,1
01432,1
01450,2
01451,1
01452,1
01453,7
01460,5
01462,1
01464,1
01469,1
01501,2
01503,2
01510,2
01516,1
01522,1
01527,1
01532,1
01536,1
01545,5
01550,1
01564,1
01568,1
01569,3
01570,1
01581,2
01590,1
01602,2
01604,1
01605,1
01606,1
01607,1
01608,1
01609,1
01610,1
01701,2
01702,2
01718,1
01720,12
01721,3
01730,2
01731,1
01740,2
01741,1
01742,11
01746,1
01747,1
01748,1
01752,7
01754,1
01756,2
01757,1
01760,15
01772,1
01773,1
01775,8
01776,3
01778,3
01801,7
01803,4
01810,9
01821,3
01824,3
01826,2
01830,1
01833,1
01834,2
01835,1
01844,1
01845,5
01851,2
01852,3
01863,1
01867,3
01876,3
01880,4
01886,2
01890,5
01901,1
01902,5
01904,1
01906,2
01907,3
01915,17
01921,2
01923,1
01929,2
01930,4
01938,5
01940,2
01944,2
01949,3
01950,6
01951,3
01952,2
01960,3
01966,1
01969,2
01970,16
01983,1
01984,2
02018,1
02021,3
02025,7
02026,5
02030,2
02035,6
02038,3
02043,5
02048,4
02050,5
02052,6
02053,1
02054,1
02056,2
02061,1
02062,4
02066,4
02067,9
02072,1
02081,1
02090,7
02093,2
02108,3
02109,2
02111,6
02113,5
02114,11
02115,6
02116,28
02118,18
02119,2
02120,5
02121,1
02122,2
02124,5
02125,4
02127,16
02128,6
02129,8
02130,12
02131,6
02132,7
02134,14
02135,19
02138,49
02139,57
02140,8
02141,15
02142,1
02143,28
02144,21
02145,13
02148,13
02149,1
02151,3
02152,2
02155,19
02163,1
02166,1
02169,7
02176,2
02180,3
02184,3
02186,3
02188,1
02190,2
02210,4
02215,11
02217,1
02301,2
02324,1
02332,5
02333,1
02341,1
02347,1
02351,1
02356,2
02359,1
02360,3
02368,3
02375,2
02420,8
02421,10
02445,21
02446,22
02451,2
02452,2
02453,5
02456,1
02458,2
02459,6
02460,4
02461,3
02465,7
02466,2
02467,6
02468,3
02472,3
02474,11
02476,11
02478,21
02481,13
02482,13
02492,3
02493,7
02494,2
02532,2
02535,2
02536,1
02539,2
02540,5
02543,1
02554,2
02558,1
02559,2
02568,1
02574,3
02575,3
02630,2
02631,3
02633,1
02635,1
02637,1
02643,1
02645,1
02648,1
02649,2
02652,1
02655,1
02660,1
02667,1
02668,1
02675,2
02703,4
02719,2
02739,2
02740,2
02744,1
02745,2
02747,2
02748,1
02767,2
02769,1
02771,2
02780,1
02806,14
02809,3
02813,2
02816,1
02817,1
02818,2
02832,1
02835,1
02837,3
02840,5
02842,1
02852,3
02857,1
02858,1
02860,1
02861,1
02863,1
02864,1
02865,2
02871,7
02874,1
02876,1
02878,1
02879,4
02881,1
02885,1
02886,3
02888,2
02889,3
02892,1
02893,2
02895,2
02903,2
02906,9
02907,1
02908,2
02909,3
02910,1
02914,3
02915,2
02919,1
03031,3
03032,1
03033,1
03034,2
03037,1
03038,1
03049,2
03051,1
03053,3
03054,5
03060,1
03062,4
03063,2
03064,2
03077,1
03079,1
03086,1
03102,2
03103,1
03104,3
03106,1
03109,1
03217,1
03222,1
03234,3
03246,2
03253,1
03254,1
03264,1
03275,1
03276,1
03280,1
03281,1
03301,7
03303,1
03307,1
03431,1
03450,1
03458,4
03561,2
03586,1
03603,1
03608,11
03741,1
03743,1
03745,1
03755,4
03768,1
03782,1
03784,2
03801,3
03810,1
03813,1
03825,3
03833,2
03840,1
03842,1
03844,1
03857,1
03861,1
03865,1
03867,1
03874,2
03878,2
03885,1
03901,3
03902,1
03903,4
03906,2
03908,1
04005,2
04009,1
04011,3
04015,1
04021,2
04032,2
04038,2
04042,1
04043,1
04064,2
04066,2
04072,4
04073,1
04074,3
04086,1
04087,1
04092,1
04096,2
04101,3
04102,4
04103,2
04105,3
04106,8
04210,1
04240,1
04259,1
04261,1
04280,1
04330,2
04344,1
04345,1
04354,1
04355,1
04364,1
04401,2
04444,2
04468,2
04496,1
04530,1
04537,1
04551,1
04553,1
04555,4
04563,1
04572,4
04640,1
04660,1
04736,1
04769,2
04841,2
04843,1
04854,1
04856,1
04864,3
04938,1
04947,3
04963,1
05060,1
05154,1
05155,1
05251,2
05301,1
05353,1
05401,4
05403,5
05445,3
05446,2
05452,1
05461,1
05465,2
05472,1
05478,1
05482,5
05495,3
05602,2
05672,2
05676,1
05677,1
05680,1
05701,1
05758,1
05763,1
05828,1
05839,2
05863,1
06002,2
06010,3
06013,1
06019,3
06026,1
06032,1
06033,3
06037,1
06040,1
06042,1
06053,1
06062,2
06066,2
06069,5
06070,4
06071,1
06084,1
06085,2
06089,2
06095,3
06098,2
06103,1
06105,1
06107,6
06108,1
06109,1
06110,1
06111,1
06112,1
06117,3
06118,1
06119,3
06238,1
06247,1
06249,1
06255,1
06268,1
06320,2
06333,4
06335,1
06339,1
06357,3
06360,2
06371,2
06374,2
06390,1
06403,1
06405,3
06410,1
06412,1
06413,1
06415,1
06418,1
06424,1
06426,1
06437,3
06441,2
06443,3
06450,1
06451,1
06456,1
06460,5
06470,3
06471,1
06472,4
06473,1
06475,3
06477,2
06482,1
06484,1
06488,1
06489,6
06492,3
06498,1
06510,3
06511,5
06512,4
06513,1
06514,2
06515,1
06516,1
06517,6
06519,1
06524,1
06525,2
06604,1
06605,1
06606,2
06610,2
06611,1
06612,1
06614,2
06710,1
06716,1
06750,1
06755,1
06759,2
06762,1
06776,3
06777,1
06787,2
06790,3
06793,1
06795,2
06801,1
06804,2
06807,2
06810,4
06811,1
06812,3
06820,8
06824,4
06825,5
06830,11
06831,8
06840,10
06850,2
06851,5
06852,1
06853,9
06854,5
06855,1
06870,10
06877,6
06878,16
06880,7
06883,3
06890,2
06896,1
06897,1
06902,6
06903,6
06905,1
06907,1
07001,1
07002,3
07003,4
07006,6
07010,1
07011,3
07012,1
07013,3
07016,6
07017,1
07020,2
07021,1
07022,2
07023,1
07024,7
07028,4
07029,2
07030,43
07031,2
07032,1
07034,1
07036,2
07039,3
07040,4
07041,2
07042,16
07043,10
07044,5
07045,1
07046,1
07047,6
07052,15
07054,2
07055,1
07057,1
07059,3
07065,2
07066,1
07067,2
07071,4
07074,1
07075,2
07076,2
07078,9
07079,2
07081,1
07082,1
07083,3
07086,3
07087,4
07090,5
07092,1
07093,2
07094,1
07095,1
07102,2
07104,2
07105,2
07106,1
07108,1
07109,3
07110,3
07111,1
07201,2
07202,4
07208,1
07302,30
07304,3
07305,3
07306,3
07307,3
07310,6
07311,2
07401,1
07403,1
07405,1
07410,2
07417,6
07420,1
07421,1
07422,1
07423,1
07430,2
07432,1
07436,1
07438,1
07440,1
07442,1
07446,6
07450,12
07452,3
07456,2
07458,3
07461,1
07465,3
07470,5
07480,1
07481,2
07502,1
07508,1
07514,1
07601,1
07607,1
07621,1
07624,1
07626,2
07627,1
07631,1
07640,6
07641,1
07642,4
07644,3
07645,1
07646,1
07649,1
07650,2
07652,4
07656,2
07661,7
07663,1
07666,2
07670,3
07675,6
07676,1
07677,5
07701,3
07710,1
07711,1
07712,1
07716,1
07718,2
07719,4
07726,3
07728,8
07731,2
07733,3
07735,1
07738,1
07739,3
07746,3
07747,1
07748,5
07750,1
07756,1
07760,3
07801,1
07822,2
07825,1
07827,1
07828,2
07830,3
07834,2
07838,2
07840,2
07843,1
07849,1
07853,1
07860,1
07871,5
07876,1
07901,5
07920,5
07922,1
07924,5
07927,2
07928,4
07931,1
07932,1
07933,1
07940,2
07945,3
07950,4
07960,5
07974,2
08002,4
08003,1
08004,1
08005,1
08007,1
08008,8
08010,1
08012,3
08016,2
08020,1
08021,2
08022,1
08033,3
08034,4
08035,2
08037,2
08043,4
08049,1
08050,1
08053,6
08054,3
08055,4
08057,4
08060,2
08061,2
08062,2
08070,1
08075,2
08078,1
08080,4
08083,1
08085,5
08086,1
08088,2
08094,2
08096,1
08098,1
08105,2
08106,2
08107,2
08108,1
08109,1
08110,1
08202,1
08205,2
08221,1
08226,1
08234,3
08244,1
08322,1
08324,1
08332,2
08340,1
08344,1
08361,1
08401,1
08402,1
08403,1
08502,1
08505,2
08512,2
08515,1
08518,1
08520,2
08525,2
08527,6
08530,2
08533,1
08534,2
08536,2
08540,13
08542,1
08550,4
08558,1
08560,1
08610,1
08619,2
08620,1
08648,3
08690,1
08691,2
08701,2
08721,1
08722,1
08730,1
08731,1
08734,1
08735,2
08736,2
08738,1
08742,4
08751,1
08753,3
08755,1
08759,1
08801,1
08802,1
08805,1
08807,10
08809,3
08810,1
08816,5
08817,3
08820,2
08822,3
08824,3
08825,1
08826,1
08827,2
08830,2
08831,1
08833,1
08836,1
08837,1
08840,1
08844,4
08848,1
08850,1
08852,1
08854,4
08857,8
08861,3
08865,3
08872,1
08873,2
08876,3
08886,1
08901,1
08902,1
08904,5
09096,1
10001,23
10002,17
10003,34
10004,4
10005,10
10006,6
10007,4
10008,1
10009,20
10010,19
10011,34
10012,25
10013,10
10014,18
10016,17
10017,3
10018,8
10019,26
10021,25
10022,21
10023,15
10024,20
10025,24
10026,5
10027,5
10028,18
10029,4
10030,4
10031,8
10032,3
10033,5
10034,3
10035,1
10036,11
10037,3
10038,8
10039,2
10040,4
10044,3
10065,14
10069,5
10075,10
10080,1
10110,1
10115,1
10128,20
10162,1
10280,4
10282,4
10301,5
10302,1
10306,5
10307,2
10309,1
10310,1
10312,8
10314,4
10451,1
10452,1
10453,1
10455,1
10456,3
10457,3
10458,1
10459,2
10460,2
10462,3
10463,5
10465,1
10467,6
10468,4
10469,4
10470,1
10471,5
10472,2
10473,5
10502,3
10504,5
10506,3
10507,1
10509,3
10510,3
10512,1
10514,5
10516,1
10520,2
10522,6
10523,1
10530,3
10533,3
10536,3
10538,7
10541,2
10543,6
10548,1
10549,2
10552,2
10560,1
10562,2
10566,3
10567,3
10573,3
10576,1
10577,2
10579,1
10580,2
10583,11
10589,1
10591,5
10594,2
10595,1
10598,4
10603,1
10604,1
10605,2
10606,1
10607,1
10703,2
10704,2
10705,2
10706,10
10708,5
10801,4
10803,4
10804,2
1083,1
10901,2
10916,1
10918,4
10919,1
10920,1
10923,1
10924,1
10930,1
10933,1
10940,2
10950,2
10952,1
10954,1
10956,1
10960,2
10977,1
10984,1
10989,1
10990,4
10992,2
10994,1
11001,1
11003,1
11004,2
11010,3
11020,1
11021,3
11030,4
11040,3
11050,5
11101,19
11102,8
11103,11
11104,7
11105,9
11106,7
11109,6
11201,62
11203,1
11204,2
11205,19
11206,16
11207,2
11208,2
11209,5
11210,1
11211,28
11212,3
11213,6
11214,5
11215,36
11216,12
11217,17
11218,19
11219,1
11220,2
11221,14
11222,27
11223,5
11225,15
11226,18
11228,1
11229,9
11230,6
11231,13
11232,1
11233,7
11234,1
11235,6
11236,1
11237,5
11238,47
11243,1
11249,26
11354,2
11355,2
11356,1
11357,1
11358,3
11360,1
11361,4
11363,2
11364,1
11365,2
11366,2
11367,2
11368,3
11369,1
11370,2
11372,5
11373,13
11374,1
11375,8
11377,10
11378,1
11379,1
11385,11
11412,2
11413,1
11415,2
11419,2
11420,2
11422,2
11423,3
11426,1
11427,4
11428,1
11432,1
11435,2
11436,1
11501,3
11516,2
11530,3
11542,3
11545,2
11550,2
11552,1
11559,2
11561,8
11563,2
11566,1
11570,3
11572,3
11576,2
11577,1
11579,1
11580,2
11581,2
11590,4
11598,2
11691,1
11701,1
11703,1
11704,2
11706,1
11710,3
11714,1
11717,5
11719,1
11720,3
11721,1
11722,2
11724,2
11727,1
11729,1
11730,3
11731,3
11733,3
11741,4
11743,12
11746,7
11747,2
11751,1
11752,1
11754,1
11755,1
11756,1
11757,1
11758,3
11762,1
11763,1
11764,5
11766,1
11767,3
11768,4
11771,4
11772,4
11780,2
11783,1
11784,1
11786,2
11787,3
11788,2
11790,1
11791,2
11793,3
11795,1
11798,1
11801,2
11803,5
11804,1
11901,2
11930,7
11932,9
11937,10
11942,5
11946,5
11948,1
11949,1
11950,1
11952,2
11953,1
11954,1
11957,1
11958,2
11961,2
11962,2
11963,4
11964,1
11965,1
11967,1
11968,3
11970,1
11976,7
11978,2
12010,2
12018,3
12019,2
12020,2
12033,3
12045,1
12051,2
12054,2
12060,2
12061,1
12065,3
12078,1
12110,2
12118,3
12120,1
12122,1
12123,1
12125,1
12154,2
12159,1
12170,1
12180,2
12184,1
12188,2
12189,1
12202,1
12203,1
12204,1
12205,1
12206,1
12208,2
12209,1
12210,3
12302,4
12303,1
12308,1
12309,6
12401,4
12404,1
12414,2
12427,1
12428,1
12472,1
12484,1
12486,2
12498,2
12508,1
12516,2
12523,1
12524,1
12526,2
12528,5
12529,2
12534,1
12540,2
12545,1
12549,1
12550,2
12553,1
12563,1
12564,3
12566,2
12570,1
12572,2
12575,1
12581,2
12582,3
12585,1
12601,1
12603,1
12701,1
12723,1
12737,1
12747,2
12752,1
12758,3
12786,1
12801,1
12804,2
12814,1
12831,3
12833,1
12865,1
12866,3
12901,1
12944,1
12962,1
13021,2
13027,2
13031,1
13035,2
13037,3
13039,1
13045,1
13066,1
13078,3
13082,1
13084,2
13088,1
13104,3
13108,3
13120,1
13132,1
13136,1
13142,1
13148,1
13166,1
13202,1
13203,1
13204,1
13207,1
13208,1
13210,2
13212,1
13215,1
13225,1
13244,1
13313,1
13321,1
13322,1
13329,1
13346,1
13365,2
13416,1
13420,1
13440,1
13441,1
13459,1
13460,1
13480,1
13491,5
13492,1
13502,1
13601,2
13617,1
13624,1
13642,1
13662,1
13669,1
13732,1
13757,1
13760,1
13778,1
13815,1
13862,1
13901,1
13905,2
14004,1
14032,2
14048,1
14051,5
14052,2
14063,1
14072,1
14075,2
14085,1
14086,1
14092,1
14094,1
14120,3
14125,1
14127,1
14131,1
14132,1
14136,1
14150,2
14203,1
14204,1
14206,1
14207,1
14209,1
14211,1
14213,2
14216,3
14217,4
14218,1
14220,2
14221,10
14222,2
14223,3
14225,1
14226,2
14228,3
14304,3
14305,1
14420,1
14424,4
14450,6
14467,2
14472,1
14482,1
14485,2
14487,1
14519,2
14526,1
14534,6
14548,1
14550,1
14580,2
14586,1
14602,1
14604,2
14608,1
14609,3
14610,2
14615,1
14617,4
14618,2
14620,1
14624,4
14626,1
14710,1
14760,1
14812,1
14830,3
14843,1
14845,2
14850,16
14865,1
14886,1
14894,1
14901,1
14904,2
14905,2
15001,1
15003,2
15009,2
15010,1
15017,2
15028,1
15033,2
15044,1
15046,1
15047,1
15061,1
15063,1
15066,1
15068,1
15071,2
15090,1
15101,2
15102,1
15106,1
15116,2
15122,2
15129,1
15131,1
15132,2
15136,1
15140,1
15143,4
15146,3
15147,1
15201,4
15202,2
15203,3
15205,1
15206,3
15209,2
15211,1
15212,3
15213,3
15216,5
15217,8
15218,3
15219,1
15221,3
15222,2
15224,3
15227,2
15228,4
15229,2
15232,3
15235,1
15236,1
15237,6
15239,1
15241,6
15243,4
15313,1
15317,3
15333,1
15346,1
15417,1
15522,1
15541,1
15601,6
15613,1
15626,1
15642,1
15644,2
15650,1
15658,1
15668,1
15690,1
15701,6
15747,1
15748,2
15754,1
15767,1
15801,1
15846,1
15904,1
15920,1
16001,1
16034,1
16038,1
16046,3
16055,1
16057,1
16066,2
16101,2
16102,1
16125,1
16153,1
16201,1
16238,1
16335,3
16341,1
16345,1
16365,1
16403,1
16412,1
16417,2
16433,2
16443,1
16506,1
16510,2
16648,2
16801,9
16803,3
16822,1
16823,1
16827,1
16901,1
16915,1
16922,1
17011,7
17012,1
17013,1
17015,1
17020,1
17022,5
17025,1
17033,2
17036,5
17040,1
17046,2
17050,4
17055,4
17057,1
17059,1
17061,1
17065,1
17070,1
17078,3
17087,1
17101,1
17103,1
17110,1
17111,2
17112,3
17201,2
17202,1
17225,5
17240,1
17257,2
17268,6
17314,1
17315,1
17320,2
17325,1
17331,4
17339,1
17344,1
17347,1
17360,3
17361,1
17363,1
17401,1
17402,2
17403,3
17404,2
17406,1
17408,3
17516,1
17517,3
17529,1
17538,1
17543,2
17545,2
17547,3
17555,1
17572,1
17601,6
17602,1
17603,4
17751,1
17752,1
17754,1
17764,1
17815,1
17820,1
17824,1
17844,1
17845,2
17868,1
17901,1
17931,1
18015,2
18017,4
18018,1
18034,2
18041,1
18042,1
18045,3
18052,3
18055,1
18062,1
18064,2
18067,1
18102,1
18103,2
18104,3
18222,2
18229,1
18235,2
18301,1
18302,7
18324,3
18326,1
18327,1
18328,2
18330,2
18334,1
18335,1
18337,1
18350,1
18353,1
18360,2
18403,2
18407,1
18411,2
18415,1
18424,2
18431,1
18452,3
18466,1
18503,1
18505,1
18509,2
18707,1
18840,1
18848,1
18853,1
18901,7
18902,3
18914,4
18925,4
18930,1
18938,4
18940,5
18942,1
18944,1
18947,1
18951,2
18954,2
18955,1
18960,3
18966,11
18969,2
18974,5
18976,1
18977,2
19001,3
19002,10
19003,8
19004,4
19006,1
19007,1
19008,6
19010,2
19012,2
19013,1
19014,3
19015,2
19020,2
19021,1
19025,2
19026,3
19027,2
19028,1
19030,3
19031,2
19032,1
19036,2
19038,4
19040,14
19041,11
19044,1
19046,4
19047,2
19050,1
19053,3
19054,1
19056,2
19060,2
19063,7
19064,1
19066,3
19067,2
19072,1
19073,4
19074,1
19075,1
19078,1
19081,1
19082,1
19083,12
19085,3
19087,12
19090,2
19095,1
19096,8
19102,1
19103,29
19104,12
19106,3
19107,6
19111,3
19116,1
19118,2
19119,1
19121,3
19122,2
19123,6
19124,2
19125,8
19126,1
19127,2
19128,6
19129,6
19130,10
19131,1
19133,1
19134,1
19135,3
19136,1
19138,1
19139,3
19140,1
19141,1
19143,4
19144,2
19145,2
19146,20
19147,13
19148,7
19153,2
19154,1
19301,1
19311,1
19312,3
19317,3
19320,6
19333,2
19335,5
19341,1
19342,7
19343,2
19355,1
19363,2
19373,2
19380,12
19382,13
19390,1
19401,1
19403,4
19405,1
19406,5
19422,6
19425,4
19426,2
19428,3
19438,4
19440,3
19444,1
19446,13
19454,2
19460,4
19464,3
19465,1
19475,1
19504,1
19508,1
19510,4
19512,1
19522,1
19525,1
19526,1
19538,1
19551,1
19565,2
19604,2
19605,2
19606,2
19608,4
19609,2
19610,5
19611,1
19701,1
19702,3
19703,3
19707,2
19711,4
19713,1
19714,1
19716,1
19720,2
19734,2
19801,1
19802,1
19803,1
19805,2
19806,5
19807,1
19808,2
19809,3
19810,3
19901,1
19904,1
19930,1
19933,2
19939,1
19943,2
19945,1
19947,1
19950,1
19953,1
19958,2
19963,1
19966,1
19968,2
19971,4
19973,1
19975,1
19977,4
20001,25
20002,38
20003,27
20004,2
20005,9
20007,5
20008,12
20009,37
20010,15
20011,13
20012,4
20015,9
20016,16
20017,4
20018,2
20019,1
20024,8
20032,1
20037,5
20052,1
20057,1
20105,4
20108,1
20110,1
20111,1
20112,4
20115,4
20117,1
20118,3
20120,5
20121,2
20124,2
20132,3
20135,4
20136,2
20147,10
20148,9
20151,1
20152,5
20155,2
20158,2
20164,1
20165,3
20169,3
20170,5
20171,5
20175,8
20176,6
20180,1
20187,3
20190,8
20191,7
20194,3
20226,1
20601,2
20618,1
20619,2
20636,1
20639,1
20646,1
20650,3
20653,4
20657,1
20675,1
20678,2
20695,1
20706,2
20707,8
20720,1
20721,1
20722,1
20723,1
20724,1
20732,1
20736,1
20737,2
20740,4
20744,1
20746,1
20759,1
20763,1
20774,1
20776,1
20777,2
20779,1
20781,1
20782,2
20785,2
20794,2
20812,1
20814,29
20815,27
20816,6
20817,16
20818,2
20832,2
20833,2
20841,1
20850,11
20851,2
20852,18
20853,4
20854,16
20855,2
20871,2
20872,1
20874,4
20876,2
20877,1
20878,3
20879,1
20882,2
20886,3
20895,5
20901,5
20902,3
20904,1
20905,3
20906,6
20910,6
20912,1
21009,3
21012,1
21014,1
21015,3
21029,9
21030,4
21034,1
21037,4
21042,6
21043,9
21044,4
21045,9
21046,2
21056,1
21060,1
21061,2
21075,1
21076,3
21078,1
21093,2
21104,1
21111,1
21113,2
21114,2
21117,3
21122,4
21131,6
21144,1
21146,1
21163,1
21201,1
21202,3
21204,3
21205,1
21206,1
21207,3
21208,3
21209,5
21210,6
21211,8
21212,7
21213,1
21214,2
21215,1
21217,6
21218,4
21220,1
21221,2
21223,2
21224,12
21227,1
21228,4
21230,7
21231,2
21234,3
21236,2
21237,1
21244,1
21286,3
21401,6
21403,6
21409,1
21502,1
21532,1
21601,1
21612,1
21619,2
21620,2
21628,1
21635,1
21654,1
21668,1
21701,1
21702,3
21703,1
21704,5
21710,1
21737,1
21738,2
21740,8
21742,6
21758,1
21770,3
21774,4
21776,2
21782,1
21783,1
21784,2
21795,2
21801,1
21804,1
21811,3
21842,2
21911,1
21915,1
21921,5
22003,7
22015,2
22026,3
22027,1
22030,11
22031,9
22032,1
22033,1
22039,2
22041,4
22042,12
22043,11
22044,1
22046,6
22066,3
22079,3
22101,4
22102,3
22124,8
22150,1
22151,1
22152,4
22153,1
22180,2
22181,1
22182,2
22191,2
22192,7
22193,5
22201,22
22202,12
22203,8
22204,10
22205,4
22206,8
22207,9
22209,7
22213,1
22301,1
22302,8
22303,3
22304,10
22305,5
22306,1
22307,3
22308,4
22309,1
22310,4
22311,3
22312,1
22314,10
22315,6
22401,3
22405,2
22407,6
22408,1
22443,1
22448,1
22482,1
22485,1
22503,1
22526,1
22546,1
22554,5
22556,1
22602,5
22603,1
22611,3
22637,1
22655,1
22663,1
22664,1
22724,1
22728,1
22740,1
22747,1
22840,2
22841,1
22901,4
22902,3
22903,6
22911,2
22922,1
22936,2
22963,1
22968,1
22980,2
23024,1
23043,1
23047,1
23059,8
23060,7
23061,1
23062,1
23071,1
23111,3
23112,9
23113,1
23114,2
23116,5
23120,2
23139,1
23141,1
23181,1
23185,9
23188,4
23219,2
23220,4
23221,3
23223,6
23224,3
23225,6
23226,8
23227,7
23228,1
23229,6
23231,1
23233,3
23235,2
23236,1
23237,1
23238,7
23294,3
23320,2
23321,1
23322,5
23323,1
23434,2
23435,2
23437,1
23451,5
23452,3
23454,3
23456,6
23462,3
23464,2
23503,1
23505,1
23508,2
23509,3
23510,1
23511,1
23518,2
23601,1
23602,5
23606,1
23608,1
23661,1
23665,1
23666,4
23669,1
23692,2
23693,2
23803,1
23805,1
23831,2
23832,3
23836,2
23837,1
23838,2
23875,1
23901,1
23917,1
23921,1
24012,5
24014,2
24015,1
24016,2
24018,3
24019,1
24028,1
24054,1
24060,16
24073,1
24083,1
24084,1
24088,1
24090,1
24112,1
24121,2
24141,4
24153,2
24174,1
24179,2
24202,1
24228,1
24230,1
24236,1
24317,1
24351,1
24401,1
24421,1
24450,2
24477,1
24486,1
24502,4
24503,2
24504,2
24522,1
24523,1
24526,1
24540,2
24541,4
24550,1
24551,1
24555,1
24614,1
24712,1
24901,2
24951,1
24963,1
25208,1
25303,2
25306,2
25309,1
25311,1
25314,2
25387,1
25401,15
25403,20
25404,2
25405,6
25413,1
25419,4
25420,2
25425,2
25427,8
25428,1
25436,2
25443,3
25504,2
25537,1
25545,1
25560,1
25661,1
25701,2
25705,2
25801,1
25813,1
25832,1
25962,1
25976,2
25978,1
26062,2
26101,2
26104,1
26105,1
26260,1
26362,1
26377,1
26501,1
26505,6
26506,1
26541,1
26810,1
27006,2
27012,2
27017,1
27021,2
27023,1
27025,2
27028,9
27041,1
27043,1
27045,1
27048,1
27103,1
27104,2
27106,1
27107,3
27127,2
27205,2
27214,3
27215,3
27231,1
27235,1
27239,1
27244,1
27253,1
27260,1
27263,1
27265,4
27278,3
27282,3
27284,2
27292,3
27295,2
27302,1
27312,2
27317,1
27330,1
27332,1
27349,1
27358,1
27370,2
27371,1
27376,2
27403,2
27405,3
27406,2
27408,6
27409,1
27410,9
27455,12
27502,8
27504,1
27510,4
27511,4
27513,9
27514,8
27516,11
27517,5
27518,5
27519,8
27520,1
27521,1
27523,3
27525,1
27526,6
27529,6
27530,1
27539,5
27540,11
27545,2
27549,1
27557,1
27559,1
27560,5
27562,1
27569,1
27577,2
27581,1
27587,13
27596,1
27603,8
27604,2
27605,8
27606,7
27607,3
27608,4
27609,8
27610,4
27612,11
27613,9
27614,5
27615,7
27616,4
27617,2
27701,3
27703,3
27704,3
27705,18
27707,6
27713,7
27804,4
27820,1
27828,1
27834,1
27851,1
27852,1
27858,6
27863,2
27870,1
27889,1
27896,3
27910,1
27921,1
27927,1
27932,4
27944,1
27948,2
27949,1
27960,1
28001,1
28012,5
28018,1
28021,1
28023,1
28025,7
28027,3
28031,7
28034,2
28035,1
28036,3
28037,1
28043,1
28054,2
28078,20
28079,4
28086,3
28097,1
28101,1
28104,4
28105,4
28107,1
28110,2
28112,1
28115,2
28117,10
28129,3
28134,1
28139,2
28144,1
28150,1
28152,1
28173,4
28202,5
28203,11
28204,4
28205,11
28206,1
28207,5
28208,3
28209,9
28210,9
28211,10
28212,5
28213,3
28214,2
28215,4
28216,2
28217,2
28223,1
28224,1
28226,5
28227,4
28262,1
28269,5
28270,5
28273,3
28277,12
28278,1
28305,1
28311,5
28312,1
28314,1
28327,1
28328,1
28334,3
28352,1
28358,1
28374,2
28382,1
28387,7
28401,2
28403,2
28405,2
28409,5
28411,3
28412,2
28428,1
28443,2
28445,2
28460,1
28461,1
28466,1
28469,2
28480,1
28516,3
28540,1
28546,1
28557,2
28562,2
28570,1
28572,1
28573,1
28605,1
28607,1
28621,1
28626,1
28630,1
28638,1
28651,1
28655,2
28658,1
28677,3
28681,1
28704,4
28711,1
28712,5
28714,1
28721,2
28729,1
28730,3
28731,1
28732,3
28739,5
28741,1
28748,2
28751,1
28752,1
28753,1
28754,1
28759,2
28771,1
28773,1
28785,1
28786,3
28787,2
28789,1
28791,4
28792,4
28801,5
28803,9
28804,4
28806,3
28901,1
28906,1
29016,4
29033,2
29036,2
29040,1
29045,2
29054,1
29058,1
29061,1
29063,5
29070,1
29072,12
29073,2
29080,1
29137,1
29142,1
29150,3
29154,1
29166,1
29169,4
29170,2
29180,1
29201,3
29204,2
29205,6
29206,8
29209,4
29210,2
29212,2
29223,2
29229,3
29301,2
29303,1
29307,4
29316,2
29334,4
29340,2
29341,1
29349,1
29365,3
29369,1
29372,1
29379,1
29388,1
29401,2
29403,7
29405,5
29407,1
29410,5
29412,14
29414,8
29418,1
29439,1
29440,2
29445,5
29448,1
29450,1
29451,1
29455,6
29456,5
29458,1
29461,1
29464,24
29466,9
29472,1
29483,6
29485,6
29486,3
29488,1
29492,5
29501,2
29510,2
29512,1
29526,3
29532,1
29566,2
29568,1
29571,1
29572,1
29574,1
29576,4
29577,1
29579,1
29582,1
29585,3
29588,1
29601,6
29605,16
29607,16
29608,1
29609,9
29613,1
29615,17
29617,8
29621,10
29625,3
29626,2
29627,1
29630,3
29631,5
29635,1
29640,2
29641,1
29642,15
29643,1
29644,3
29645,2
29649,3
29650,15
29651,6
29657,3
29669,2
29670,1
29671,1
29672,2
29673,4
29676,1
29678,1
29680,7
29681,21
29687,16
29689,1
29690,3
29691,2
29696,2
2970,1
29706,1
29707,4
29708,3
29710,5
29715,3
29720,1
29730,1
29732,8
29745,3
29801,2
29803,6
29809,1
29824,1
29841,1
29907,1
29909,1
29910,6
29926,4
29936,1
30002,2
30004,7
30005,3
30008,3
30009,3
30012,2
30014,3
30017,1
30018,1
30019,3
30021,1
30022,6
30024,10
30028,3
30030,4
30032,5
30033,3
30035,1
30038,2
30039,1
30040,7
30041,10
30043,8
30044,3
30045,2
30046,4
30047,5
30052,3
30055,1
30062,9
30064,9
30066,2
30067,5
30068,4
30071,4
30075,8
30076,3
30078,2
30079,1
30080,8
30082,7
30083,5
30084,1
30087,4
30088,2
30092,3
30094,4
30096,3
30097,4
30101,7
30102,6
30103,1
30107,2
30111,1
30114,11
30115,7
30116,2
30117,2
30120,3
30121,3
30122,1
30126,3
30127,2
30132,1
30135,1
30144,4
30147,1
30152,9
30153,2
30157,2
30168,1
30171,1
30180,2
30188,14
30189,3
30213,1
30214,1
30228,1
30248,1
30252,3
30253,5
30260,1
30263,4
30265,1
30269,3
30281,1
30285,1
30286,3
30290,1
30294,1
30296,1
30305,8
30306,17
30307,2
30308,5
30309,14
30311,1
30312,7
30313,1
30314,1
30315,2
30316,9
30317,3
30318,13
30319,25
30324,11
30326,1
30327,7
30328,6
30329,4
30331,3
30338,3
30339,8
30340,1
30341,9
30342,8
30344,1
30345,3
30349,3
30350,4
30360,3
30363,1
30401,1
30410,1
30434,1
30436,1
30439,1
30458,5
30471,1
30474,1
30501,2
30504,2
30506,2
30507,1
30517,2
30518,4
30519,1
30528,1
30530,1
30533,3
30534,2
30540,1
30542,3
30549,1
30554,1
30563,1
30565,1
30566,1
30605,3
30606,4
30607,1
30620,3
30622,6
30630,1
30643,1
30650,1
30655,2
30666,1
30677,5
30678,1
30680,1
30701,1
30705,1
30707,1
30721,1
30725,1
30736,4
30739,1
30742,1
30802,1
30809,4
30813,2
30814,1
30828,1
30833,1
30906,5
30907,2
30909,3
31005,1
31007,1
31014,3
31023,1
31024,1
31030,2
31047,3
31061,2
31079,1
31085,1
31088,1
31204,2
31210,1
31211,1
31217,1
31313,1
31322,1
31324,3
31326,1
31401,3
31404,1
31405,2
31406,3
31408,1
31410,7
31411,1
31419,5
31503,1
31520,1
31522,2
31555,1
31558,1
31601,1
31602,2
31645,1
31763,1
31794,1
31808,1
31830,1
31906,1
31909,2
32011,1
32033,1
32034,2
32043,1
32060,1
32065,1
32066,1
32068,1
32073,2
32080,4
32081,3
32082,4
32084,1
32092,5
32095,2
32097,2
32114,1
32117,1
32118,1
32119,1
32124,1
32127,1
32128,4
32136,1
32137,3
32157,1
32159,1
32162,2
32163,1
32168,2
32169,6
32174,5
32177,1
32204,2
32205,2
32207,2
32209,1
32210,1
32216,3
32217,1
32218,1
32219,1
32224,8
32225,3
32226,2
32233,3
32240,1
32244,5
32246,6
32250,6
32256,6
32257,3
32258,1
32259,4
32277,1
32301,2
32304,6
32308,1
32309,3
32311,1
32312,3
32317,1
32320,2
32333,1
32401,1
32404,1
32405,1
32407,1
32411,1
32428,1
32439,6
32440,1
32444,1
32446,1
32448,1
32455,1
32459,6
32501,1
32503,4
32505,2
32506,3
32507,1
32514,1
32526,2
32536,3
32541,2
32547,1
32548,1
32561,2
32563,2
32566,4
32569,1
32570,1
32571,3
32578,2
32601,1
32605,1
32606,1
32607,2
32608,7
32609,1
32615,1
32626,1
32640,1
32641,1
32643,2
32653,1
32656,1
32669,1
32680,1
32686,2
32707,2
32708,3
32712,5
32713,2
32714,2
32724,4
32725,1
32736,1
32738,3
32746,3
32751,5
32765,1
32766,1
32771,3
32780,1
32784,1
32789,4
32792,2
32795,1
32801,3
32803,10
32804,14
32806,4
32807,2
32808,1
32810,3
32812,2
32814,6
32819,3
32820,1
32821,5
32822,2
32824,1
32825,4
32826,1
32827,2
32828,1
32830,1
32832,1
32835,4
32836,1
32837,2
32839,1
32901,2
32904,4
32907,1
32908,1
32926,1
32927,1
32931,1
32935,6
32937,1
32940,2
32951,2
32953,2
32955,1
32962,2
32963,5
32967,3
33004,1
33009,1
33010,2
33012,2
33013,1
33014,1
33015,4
33016,2
33018,3
33019,1
33020,3
33021,2
33024,2
33025,3
33026,1
33027,2
33028,2
33029,3
33030,1
33036,1
33037,1
33040,4
33050,2
33055,1
33056,2
33060,1
33062,1
33063,1
33064,1
33065,2
33067,1
33068,1
33070,2
33073,1
33076,2
33122,1
33125,1
33126,3
33129,3
33130,4
33131,14
33132,2
33133,5
33134,7
33135,1
33136,1
33137,8
33138,2
33139,9
33140,5
33141,2
33143,3
33145,9
33146,7
33149,3
33154,5
33155,8
33156,12
33157,5
33160,1
33161,1
33162,1
33166,4
33168,1
33169,1
33172,4
33173,2
33175,4
33176,1
33177,1
33178,7
33179,2
33180,8
33181,3
33182,2
33183,3
33184,1
33185,4
33186,6
33189,1
33193,2
33199,1
33301,6
33304,1
33308,3
33309,1
33311,1
33312,2
33314,2
33316,3
33318,1
33319,1
33321,1
33322,3
33323,2
33324,2
33325,5
33326,1
33327,1
33328,2
33330,1
33331,1
33332,1
33334,2
33351,5
33401,2
33404,2
33406,1
33407,1
33408,1
33409,1
33410,5
33411,6
33414,3
33417,1
33418,3
33426,3
33428,3
33432,8
33433,2
33434,1
33435,2
33436,1
33437,4
33440,1
33442,2
33445,3
33449,1
33455,1
33458,5
33463,2
33469,2
33470,1
33472,1
33473,2
33477,5
33480,1
33483,2
33486,3
33487,3
33496,1
33498,1
33510,2
33511,4
33523,2
33525,2
33543,1
33544,2
33545,1
33547,1
33549,1
33556,1
33558,5
33563,2
33570,1
33572,2
33578,3
33579,2
33584,2
33592,1
33594,1
33596,3
33602,4
33603,4
33604,2
33606,4
33607,1
33609,4
33611,3
33612,3
33613,5
33614,1
33615,3
33616,2
33621,1
33624,4
33625,2
33626,2
33629,5
33634,1
33647,8
33701,4
33703,6
33704,1
33708,2
33710,2
33712,1
33713,5
33715,5
33716,1
33741,1
33756,1
33759,3
33760,5
33761,2
33762,1
33763,1
33771,3
33772,5
33774,3
33781,2
33782,1
33785,1
33803,1
33805,1
33809,1
33810,1
33812,1
33813,3
33815,1
33823,1
33844,6
33853,3
33870,2
33875,1
33880,2
33896,3
33897,2
33901,1
33903,1
33904,1
33905,3
33907,2
33908,3
33909,1
33913,1
33916,2
33917,1
33919,1
33921,2
33928,2
33931,1
33936,1
33948,1
33950,1
33952,1
33955,1
33957,1
33966,2
33967,3
33971,1
33981,1
33983,1
33991,2
34102,6
34103,4
34104,1
34105,4
34108,1
34109,5
34110,6
34112,3
34113,1
34114,1
34116,1
34119,3
34120,1
34134,3
34135,6
34142,1
34145,1
34201,1
34202,3
34203,1
34205,1
34208,1
34209,1
34211,2
34212,2
34216,1
34217,1
34221,1
34223,1
34228,2
34229,1
34234,1
34235,1
34236,5
34237,1
34238,1
34239,1
34240,1
34242,2
34243,2
34269,1
34275,1
34285,1
34286,3
34289,1
34293,5
34428,3
34429,1
34432,3
34434,1
34442,1
34449,2
34450,1
34470,7
34471,5
34473,1
34474,1
34481,2
34482,2
34484,1
34488,1
34491,2
34608,1
34609,4
34637,1
34638,4
34639,1
34652,1
34667,1
34668,3
34677,2
34683,5
34688,1
34689,1
34690,2
34695,2
34711,6
34731,1
34736,1
34744,3
34746,1
34748,1
34758,2
34761,2
34771,1
34772,1
34786,6
34787,7
34788,1
34945,1
34949,1
34952,2
34957,3
34972,1
34974,1
34981,1
34983,1
34987,1
34990,2
34994,1
35004,2
35022,1
35023,1
35055,2
35057,1
35068,1
35071,1
35080,1
35085,2
35116,1
35128,1
35146,1
35147,1
35151,1
35173,4
35205,3
35206,1
35209,2
35210,1
35211,1
35212,1
35213,2
35215,2
35216,1
35222,2
35223,1
35226,3
35233,1
35242,1
35243,3
35244,2
35401,1
35404,3
35405,2
35406,2
35442,1
35447,1
35453,2
35461,1
35473,1
35501,1
35503,1
35544,1
35565,1
35570,1
35578,1
35580,1
35582,2
35586,1
35592,1
35601,1
35603,3
35611,4
35613,2
35616,1
35630,1
35652,2
35661,1
35673,2
35677,1
35748,1
35750,1
35756,1
35763,3
35801,4
35802,3
35803,2
35805,1
35810,2
35816,1
35824,1
35903,1
35904,1
35950,1
35951,1
35952,1
35978,1
35986,2
36024,1
36035,1
36054,2
36066,4
36067,1
36081,2
36091,1
36106,2
36109,1
36110,1
36111,2
36116,1
36117,3
36207,3
36264,2
36265,1
36272,1
36280,2
36301,1
36303,3
36305,2
36323,1
36330,2
36344,1
36345,1
36350,1
36360,1
36441,1
36474,1
36521,1
36524,1
36526,1
36527,1
36532,3
36535,1
36542,1
36567,1
36571,1
36575,1
36576,1
36585,1
36604,1
36608,1
36609,1
36693,1
36695,5
36732,1
36744,3
36784,1
36804,2
36830,4
36832,2
36869,1
36870,1
36874,1
36877,1
36879,1
37010,1
37013,1
37015,3
37018,1
37027,11
37032,1
37040,2
37042,1
37043,1
37055,9
37064,6
37066,2
37067,6
37069,7
37070,1
37072,4
37073,2
37075,5
37076,1
37080,2
37085,1
37086,2
37087,2
37090,1
37091,1
37110,1
37115,3
37122,3
37128,2
37129,4
37130,5
37132,1
37135,7
37138,1
37145,1
37160,1
37167,4
37172,4
37174,3
37179,1
37188,1
37203,7
37204,14
37205,8
37206,3
37207,1
37208,3
37209,16
37210,7
37211,4
37212,10
37214,4
37215,10
37216,7
37219,2
37220,1
37221,11
37302,1
37311,2
37312,3
37321,1
37323,2
37334,1
37347,1
37355,1
37363,2
37374,1
37377,2
37381,1
37402,2
37405,2
37406,1
37407,1
37408,4
37411,1
37412,1
37415,2
37416,1
37421,3
37601,1
37604,3
37615,2
37617,2
37620,1
37642,1
37643,1
37645,1
37659,7
37664,4
37665,1
37681,1
37705,1
37716,2
37725,1
37743,3
37745,1
37754,1
37760,1
37764,1
37777,1
37801,1
37803,2
37865,2
37871,1
37876,1
37909,1
37916,3
37918,4
37919,1
37920,2
37921,1
37922,1
37923,5
37931,4
37932,1
37934,6
37938,1
38002,2
38004,1
38011,1
38017,4
38018,1
38028,1
38058,1
38066,1
38068,1
38103,3
38104,3
38108,1
38112,1
38116,1
38117,4
38118,1
38120,2
38128,1
38133,2
38134,2
38138,4
38237,1
38242,1
38305,3
38313,1
38340,1
38344,1
38363,1
38392,1
38401,4
38464,1
38501,3
38506,2
38544,1
38563,1
38583,1
38603,1
38606,1
38641,1
38654,4
38655,11
38663,1
38668,1
38685,1
38701,1
38703,1
38801,1
38804,1
38834,1
38850,1
38863,2
38951,1
38967,1
39042,2
39046,2
39047,1
39056,7
39071,1
39073,1
39090,1
39110,7
39120,1
39150,1
39157,1
39180,1
39183,1
39208,2
39211,2
39218,1
39272,1
39325,1
39402,5
39426,4
39429,1
39440,1
39466,24
39475,1
39507,1
39520,1
39532,3
39553,1
39560,1
39564,1
39656,1
39701,1
39759,2
40004,1
40014,2
40026,1
40031,3
40056,1
40059,2
40065,1
40108,1
40165,1
40202,1
40204,2
40205,2
40207,1
40208,2
40211,1
40214,1
40217,1
40218,1
40219,1
40220,2
40222,2
40223,1
40228,2
40229,1
40241,3
40242,1
40245,1
40272,3
40299,3
40324,3
40330,1
40342,1
40351,4
40353,1
40356,6
40358,2
40372,1
40383,1
40390,1
40391,7
40402,1
40403,1
40456,1
40460,1
40475,1
40502,5
40503,2
40504,3
40505,1
40508,4
40509,8
40513,3
40514,2
40515,3
40517,2
40601,2
40701,2
40741,4
40744,1
40962,1
41002,1
41005,1
41011,2
41015,4
41017,4
41018,2
41035,1
41040,1
41042,4
41048,1
41051,2
41073,1
41075,1
41076,2
41083,1
41101,1
41102,1
41143,1
41164,1
41265,1
41271,1
41503,1
41701,1
42038,1
42071,1
42101,4
42103,1
42104,2
42141,2
42160,2
42171,1
42206,1
42240,3
42301,2
42303,1
42324,1
42345,1
42352,1
42420,3
42450,1
42501,1
42544,1
42602,1
42701,4
43004,3
43008,1
43015,3
43016,3
43017,3
43023,1
43026,7
43035,5
43040,3
43050,1
43054,2
43055,2
43056,1
43062,4
43064,3
43065,8
43068,3
43076,2
43078,1
43081,7
43082,6
43085,3
43110,3
43113,1
43123,2
43125,2
43130,3
43138,1
43140,1
43145,1
43147,1
43160,1
43201,6
43202,4
43204,8
43205,1
43206,5
43207,1
43209,3
43210,1
43211,1
43212,4
43214,2
43215,1
43220,4
43221,9
43224,1
43228,2
43229,2
43230,4
43235,2
43311,2
43316,1
43326,1
43351,1
43402,2
43408,1
43410,1
43430,1
43451,1
43460,1
43526,1
43534,1
43537,1
43551,1
43560,1
43604,1
43606,2
43607,2
43613,3
43614,1
43615,6
43616,2
43620,1
43623,2
43701,9
43724,1
43727,1
43746,1
43832,1
43840,1
43953,1
43964,1
44012,2
44017,2
44022,2
44023,2
44024,1
44026,3
44028,1
44035,1
44039,3
44047,1
44052,2
44055,2
44060,2
44062,1
44065,1
44067,1
44070,2
44072,1
44077,1
44084,1
44086,1
44092,1
44094,5
44102,3
44107,6
44109,2
44111,1
44113,4
44114,1
44116,1
44118,4
44120,4
44121,1
44122,8
44124,9
44126,1
44129,1
44130,1
44133,1
44134,2
44135,2
44136,1
44138,2
44139,2
44140,4
44141,1
44142,1
44143,1
44144,1
44145,3
44202,2
44203,4
44223,1
44224,4
44236,6
44256,4
44260,1
44266,1
44278,8
44280,1
44281,2
44286,1
44301,1
44310,1
44311,1
44312,2
44313,4
44319,1
44321,5
44333,3
44406,1
44425,2
44443,1
44460,1
44484,1
44512,3
44514,2
44515,1
44601,3
44609,1
44612,1
44618,1
44622,2
44627,1
44629,1
44641,3
44646,3
44654,8
44663,1
44667,1
44681,2
44685,5
44687,1
44688,1
44690,1
44691,3
44708,1
44709,1
44718,3
44720,2
44721,1
44805,2
44807,1
44811,1
44815,1
44818,1
44851,1
44870,2
44904,1
45005,5
45011,1
45013,1
45014,1
45036,3
45039,3
45040,7
45044,2
45050,4
45053,1
45056,5
45065,3
45066,1
45067,1
45069,3
45140,10
45150,4
45157,1
45167,1
45177,2
45202,12
45206,2
45208,6
45209,2
45212,3
45213,6
45215,1
45216,1
45217,2
45219,3
45220,7
45223,1
45226,3
45227,1
45229,6
45230,4
45231,1
45233,2
45236,2
45239,1
45241,4
45242,6
45243,6
45244,6
45245,5
45248,3
45249,1
45321,1
45324,2
45331,3
45342,1
45349,2
45356,2
45371,3
45373,2
45377,1
45385,4
45402,1
45409,1
45410,1
45419,5
45424,2
45429,1
45430,1
45431,1
45439,1
45440,1
45449,3
45458,1
45459,3
45503,3
45504,2
45506,1
45601,2
45701,2
45750,2
45801,1
45805,2
45814,1
45840,1
45871,1
45872,1
45885,1
45891,1
46001,1
46011,2
46013,2
46032,13
46033,7
46036,2
46037,6
46038,5
46040,2
46052,2
46056,1
46058,1
46060,2
46062,2
46064,1
46069,2
46071,1
46074,3
46075,1
46077,7
46107,2
46112,5
46113,2
46120,1
46122,2
46130,1
46142,1
46143,4
46147,1
46151,4
46157,2
46158,2
46168,8
46201,2
46202,6
46203,6
46204,1
46205,1
46214,2
46217,1
46219,2
46220,6
46221,3
46222,1
46224,1
46226,1
46227,6
46228,1
46229,1
46231,2
46234,5
46236,3
46239,2
46240,1
46241,1
46250,11
46254,4
46256,1
46259,1
46260,2
46280,2
46303,2
46304,2
46307,4
46311,2
46319,2
46320,1
46321,1
46322,1
46360,1
46373,2
46375,1
46383,2
46385,3
46403,1
46410,1
46504,2
46514,2
46526,1
46528,2
46534,1
46545,4
46561,1
46567,3
46574,2
46580,2
46582,2
46590,1
46616,1
46617,1
46619,2
46635,2
46637,1
46701,1
46706,1
46711,1
46725,1
46750,1
46755,2
46763,1
46787,1
46802,2
46804,1
46805,2
46807,1
46808,1
46814,3
46818,1
46825,3
46835,5
46845,5
46901,2
46902,3
46938,1
46952,2
46953,1
47025,1
47040,3
47043,1
47112,2
47119,2
47129,1
47130,3
47136,2
47140,1
47143,2
47150,3
47170,2
47172,1
47177,1
47201,4
47203,1
47303,1
47304,3
47305,1
47331,1
47362,1
47371,1
47374,1
47396,1
47401,13
47403,5
47404,2
47408,4
47421,2
47424,1
47427,1
47429,2
47452,1
47523,1
47598,2
47620,1
47630,2
47670,3
47701,1
47710,1
47712,2
47714,1
47715,1
47725,3
47803,2
47805,1
47859,1
47901,1
47902,1
47904,1
47905,7
47906,8
47909,2
47918,2
47923,1
47933,4
47965,1
47970,2
48001,2
48006,1
48009,3
48015,1
48025,3
48030,2
48035,2
48038,2
48042,2
48044,4
48045,2
48047,1
48050,1
48051,2
48065,2
48067,5
48069,3
48070,5
48071,2
48072,3
48073,6
48075,2
48076,2
48080,2
48081,1
48083,1
48085,1
48088,1
48089,1
48091,1
48093,1
48098,1
48101,1
48103,25
48104,34
48105,8
48108,11
48111,8
48114,2
48116,2
48118,1
48124,3
48125,2
48126,3
48127,1
48130,3
48131,1
48135,2
48146,1
48150,2
48152,3
48154,5
48164,1
48167,6
48168,2
48169,2
48170,8
48173,1
48176,3
48178,3
48180,1
48183,5
48184,1
48185,3
48186,1
48187,3
48188,7
48189,2
48192,4
48197,7
48198,3
48201,1
48202,1
48203,1
48206,1
48207,4
48208,2
48210,1
48213,1
48214,1
48215,1
48219,2
48220,7
48223,2
48224,2
48226,3
48230,9
48234,1
48236,18
48237,4
48238,1
48301,11
48302,1
48304,1
48307,4
48309,3
48310,1
48312,1
48314,1
48315,2
48316,1
48322,5
48323,1
48324,2
48326,1
48328,1
48334,1
48335,5
48336,1
48348,4
48356,1
48357,2
48359,2
48360,2
48362,1
48371,5
48374,4
48375,2
48377,1
48380,2
48381,3
48382,1
48383,1
48386,1
48390,4
48393,1
48430,8
48433,1
48439,3
48442,1
48444,1
48446,1
48451,2
48461,1
48473,3
48506,1
48507,3
48532,1
48604,2
48609,2
48615,1
48616,1
48623,1
48640,1
48642,2
48661,1
48708,1
48739,1
48809,2
48815,1
48817,1
48820,1
48822,1
48823,16
48827,1
48837,1
48838,1
48840,2
48843,1
48848,1
48854,1
48855,1
48858,2
48864,4
48866,1
48867,2
48879,1
48880,2
48881,1
48890,1
48910,2
48911,1
48912,1
48915,1
48917,2
49001,1
49002,2
49004,1
49006,2
49008,4
49009,5
49010,1
49012,1
49015,3
49022,4
49024,3
49028,1
49036,1
49048,1
49071,1
49080,2
49085,6
49087,1
49090,3
49091,2
49095,2
49112,3
49116,1
49120,1
49125,1
49129,2
49201,1
49202,2
49221,1
49224,1
49227,1
49228,1
49242,2
49246,1
49283,1
49286,1
49301,14
49302,1
49304,1
49306,1
49315,2
49316,2
49321,2
49341,1
49343,1
49345,1
49348,1
49401,1
49405,1
49417,2
49418,4
49423,4
49424,2
49425,1
49426,3
49428,1
49431,1
49435,1
49441,2
49442,2
49445,1
49453,3
49455,1
49456,2
49460,2
49464,1
49503,10
49504,3
49505,4
49506,17
49507,2
49508,3
49509,1
49516,1
49519,1
49525,5
49544,2
49546,11
49601,2
49629,1
49643,2
49648,1
49655,1
49668,1
49682,4
49684,2
49685,2
49686,4
49696,1
49706,1
49707,1
49712,7
49718,1
49720,5
49727,1
49740,7
49759,2
49770,6
49779,1
49788,1
49801,1
49837,1
49855,1
49878,1
49930,1
50003,1
50009,1
50014,3
50021,6
50023,8
50035,1
50047,1
50074,1
50111,5
50115,1
50123,1
50124,1
50131,5
50133,1
50156,1
50158,1
50208,3
50210,1
50211,4
50220,1
50230,1
50233,1
50240,2
50248,1
50261,2
50263,8
50265,10
50266,9
50268,1
50309,2
50310,27
50311,9
50312,9
50313,3
50314,3
50315,2
50316,2
50317,2
50321,2
50322,11
50323,1
50324,4
50325,4
50327,2
50335,1
50439,1
50461,1
50517,1
50533,1
50548,1
50601,1
50602,1
50638,1
50648,1
50670,1
50702,2
50841,1
51011,1
51039,1
51103,1
51104,2
51106,2
51331,1
51360,1
51450,1
51455,1
51501,2
51503,4
51534,2
51553,1
51555,2
51576,1
52001,2
52003,2
52033,1
52046,1
52050,1
52172,1
52211,1
52233,3
52240,27
52241,13
52245,51
52246,23
52253,1
52302,1
52305,1
52314,1
52317,14
52322,1
52327,1
52329,1
52333,5
52338,2
52340,5
52358,1
52402,4
52403,3
52404,3
52405,3
52501,1
52544,1
52556,1
52632,1
52641,1
52722,1
52728,1
52748,1
52761,2
52776,3
52803,10
52804,3
52806,2
52807,3
53005,2
53012,1
53013,1
53020,1
53021,1
53022,1
53027,4
53029,1
53034,1
53037,1
53039,1
53045,5
53051,1
53058,1
53060,1
53066,1
53072,1
53073,3
53074,6
53081,5
53085,2
53086,1
53089,3
53090,3
53092,6
53095,1
53103,1
53105,1
53110,1
53115,2
53120,1
53122,1
53126,1
53129,1
53130,1
53132,1
53140,1
53142,2
53147,4
53150,1
53154,2
53158,2
53172,1
53177,1
53183,1
53186,1
53188,1
53189,3
53202,7
53204,2
53207,4
53208,4
53209,1
53211,4
53212,6
53213,5
53217,6
53218,1
53221,1
53222,3
53223,2
53225,1
53226,1
53233,1
53402,1
53403,1
53405,2
53511,1
53515,2
53527,1
53536,1
53546,4
53548,1
53558,1
53559,1
53562,2
53572,1
53575,1
53583,1
53589,1
53590,4
53593,6
53597,1
53703,14
53704,3
53705,8
53711,10
53713,1
53714,2
53715,1
53718,1
53719,2
53726,4
53913,1
53941,1
54011,1
54016,3
54017,2
54022,1
54024,1
54112,1
54115,5
54130,1
54155,1
54157,1
54169,1
54174,2
54213,1
54217,1
54235,1
54301,5
54303,2
54311,3
54313,1
54401,2
54410,1
54424,1
54426,2
54467,2
54476,1
54484,1
54494,1
54495,2
54512,1
54521,1
54547,1
54557,1
54568,1
54603,1
54630,1
54650,1
54701,3
54724,1
54729,3
54733,1
54736,1
54750,1
54751,3
54814,4
54840,1
54858,1
54893,1
54901,1
54902,1
54913,1
54914,1
54915,2
54929,1
54937,1
54942,1
54956,3
54961,1
54982,2
55010,1
55012,1
55014,4
55016,2
55021,1
55024,1
55025,5
55033,2
55037,1
55038,4
55041,1
55042,1
55044,2
55057,2
55060,4
55068,1
55074,2
55075,1
55077,1
55082,2
55090,1
55101,1
55102,2
55104,7
55105,6
55106,4
55107,1
55108,1
55112,4
55113,6
55114,1
55115,1
55116,3
55117,4
55118,6
55119,2
55120,2
55121,1
55122,2
55123,6
55124,5
55125,6
55126,4
55127,9
55129,3
55302,1
55303,1
55304,3
55305,4
55309,1
55311,5
55312,1
55313,4
55315,1
55316,1
55317,3
55318,6
55328,1
55330,2
55331,4
55337,2
55343,8
55345,6
55346,7
55347,3
55350,2
55356,1
55359,1
55362,2
55364,3
55368,1
55369,7
55372,1
55373,4
55374,2
55378,4
55386,1
55387,3
55388,1
55391,4
55401,7
55403,8
55404,7
55405,5
55406,7
55407,4
55408,9
55409,4
55410,5
55411,2
55413,5
55414,8
55415,2
55416,8
55417,9
55418,10
55419,9
55420,1
55421,3
55422,5
55423,2
55424,1
55426,2
55427,4
55428,2
55430,1
55431,4
55432,1
55433,1
55435,1
55436,3
55437,5
55438,6
55441,2
55442,1
55443,3
55444,3
55446,5
55447,4
55448,1
55449,1
55708,2
55709,1
55721,1
55732,1
55734,2
55760,1
55783,1
55803,1
55810,1
55811,2
55812,1
55901,6
55902,3
55912,1
55920,1
55927,1
55931,1
55936,1
55939,1
55972,1
55987,3
56001,2
56003,2
56013,2
56048,1
56051,1
56073,2
56093,1
56111,1
56143,1
56187,1
56201,1
56214,1
56244,1
56258,2
56283,1
56301,1
56303,1
56308,2
56355,1
56373,1
56377,1
56468,2
56560,3
56601,2
56649,1
57006,1
57032,2
57103,3
57104,1
57105,5
57106,9
57108,2
57110,3
57201,2
57252,1
57259,1
57274,1
57301,3
57325,2
57353,3
57382,1
57401,12
57481,1
57701,2
57702,5
57730,1
57747,1
57762,1
57785,1
58027,2
58052,1
58078,1
58103,5
58104,4
58200,1
58201,1
58236,1
58278,1
58504,1
58554,2
58601,3
58623,1
58701,1
58704,1
58711,1
58801,2
59030,1
59034,1
59047,2
59068,1
59101,2
59102,2
59105,2
59106,1
59332,1
59404,2
59601,2
59602,5
59640,1
59701,2
59714,1
59715,3
59716,1
59718,6
59730,1
59748,1
59801,6
59802,2
59803,1
59808,5
59833,1
59840,1
59847,1
59901,2
59937,1
60002,4
60004,13
60005,3
60007,3
60010,6
60013,3
60014,1
60015,5
60016,4
60022,4
60025,10
60026,2
60030,4
60031,1
60035,14
60043,2
60044,1
60045,3
60046,3
60047,5
60048,12
60050,3
60053,4
60056,18
60060,6
60061,6
60062,9
60067,9
60068,9
60073,4
60074,4
60076,2
60077,3
60084,1
60085,3
60087,1
60089,4
60090,6
60091,18
60093,15
60094,1
60098,3
60102,2
60106,1
60107,3
60110,1
60115,4
60118,1
60120,1
60123,1
60124,2
60126,13
60130,2
60133,3
60134,2
60136,1
60137,13
60139,1
60142,1
60148,7
60152,1
60156,3
60169,8
60172,1
60174,3
60175,2
60177,2
60178,3
60187,4
60188,6
60189,3
60192,1
60193,6
60194,2
60201,19
60202,11
60203,2
60301,2
60302,10
60303,1
60304,6
60305,5
60403,1
60406,1
60409,1
60410,1
60415,1
60417,2
60422,1
60423,5
60425,1
60429,1
60430,4
60431,1
60433,1
60435,2
60436,1
60439,4
60440,1
60441,2
60443,1
60447,2
60448,5
60451,3
60452,1
60453,1
60455,1
60456,2
60457,1
60462,3
60464,1
60465,3
60467,1
60471,1
60473,1
60475,1
60477,2
60480,1
60487,1
60490,1
60491,2
60502,4
60503,2
60504,5
60505,2
60506,2
60510,3
60513,1
60514,2
60515,3
60516,5
60517,1
60520,1
60521,7
60525,4
60526,4
60527,4
60532,4
60540,8
60542,4
60543,1
60544,1
60545,1
60546,2
60556,1
60558,1
60559,3
60560,2
60561,1
60563,5
60564,3
60565,15
60586,1
60601,4
60602,1
60604,2
60605,18
60606,1
60607,16
60608,5
60609,3
60610,35
60611,28
60612,10
60613,46
60614,69
60615,16
60616,4
60617,1
60618,39
60619,1
60620,1
60621,1
60622,58
60625,12
60626,5
60629,3
60630,9
60631,1
60634,2
60636,1
60637,7
60638,1
60639,5
60640,35
60641,7
60642,31
60643,6
60644,1
60645,1
60646,2
60647,59
60649,3
60651,1
60654,28
60655,2
60656,1
60657,65
60659,7
60660,5
60661,14
60707,1
60714,1
60804,1
60805,2
60915,1
60950,1
61001,1
61008,1
61010,2
61011,1
61021,6
61032,1
61036,1
61054,1
61071,1
61072,1
61081,1
61088,1
61101,1
61103,2
61107,2
61108,2
61114,2
61201,2
61241,2
61244,2
61254,5
61257,1
61265,2
61278,1
61301,3
61350,2
61354,1
61530,1
61535,1
61548,1
61550,3
61554,1
61571,5
61610,1
61611,1
61614,1
61615,3
61701,1
61704,3
61745,1
61801,5
61820,2
61821,2
61822,1
61853,1
61874,2
61913,2
61953,1
62025,2
62034,1
62040,2
62049,1
62056,2
62061,1
62063,1
62088,1
62220,2
62221,2
62223,2
62226,1
62234,3
62243,1
62254,1
62257,1
62258,3
62260,1
62294,1
62295,1
62305,2
62420,2
62421,1
62450,3
62471,1
62521,1
62526,2
62546,1
62558,1
62561,2
62613,2
62629,1
62642,1
62650,1
62667,2
62690,1
62702,1
62703,2
62704,5
62707,1
62711,1
62812,1
62837,1
62864,1
62914,1
62938,1
62951,1
62952,1
62979,1
62995,1
63005,6
63010,1
63011,8
63017,7
63021,7
63025,4
63026,5
63028,4
63031,4
63033,1
63038,2
63040,2
63043,2
63044,3
63052,1
63074,1
63080,1
63084,2
63088,1
63101,2
63103,3
63104,7
63105,4
63108,6
63109,1
63110,1
63112,1
63114,3
63115,2
63116,4
63117,3
63118,4
63119,9
63122,10
63123,3
63124,3
63125,1
63128,1
63129,2
63130,10
63131,1
63132,5
63135,1
63136,1
63138,1
63139,4
63141,2
63143,1
63144,3
63146,3
63301,4
63303,2
63304,5
63348,1
63352,1
63366,1
63368,5
63376,4
63385,5
63390,1
63401,1
63452,1
63501,2
63545,2
63552,1
63628,1
63701,1
63703,3
63735,1
63755,5
63758,1
63780,1
63822,1
63841,1
63857,1
63869,1
63901,6
64012,1
64014,1
64015,2
64029,4
64030,1
64050,3
64052,1
64055,1
64056,1
64060,2
64063,3
64068,4
64078,1
64082,3
64083,1
64086,1
64093,15
64108,4
64109,4
64110,6
64111,7
64112,3
64113,3
64114,7
64118,5
64119,3
64120,1
64123,1
64131,3
64133,2
64134,1
64137,1
64138,1
64150,1
64151,4
64152,1
64154,3
64155,1
64156,1
64157,6
64158,1
64165,1
64402,1
64454,2
64468,10
64482,1
64485,1
64501,2
64506,2
64630,1
64640,1
64650,1
64701,2
64759,1
64804,1
64834,1
64855,1
65010,1
65049,1
65063,1
65066,1
65101,1
65109,3
65201,7
65202,3
65203,8
65231,1
65255,1
65301,1
65349,1
65360,1
65559,1
65616,1
65706,2
65712,1
65721,1
65738,1
65753,1
65775,1
65801,1
65802,2
65803,2
65804,5
65806,2
65807,5
65809,1
65810,1
66012,2
66030,1
66044,2
66046,2
66047,5
66049,7
66053,1
66061,7
66062,7
66064,1
66073,1
66083,1
66085,1
66086,3
66094,1
66103,3
66104,1
66112,1
66202,2
66204,1
66206,4
66207,7
66208,10
66209,5
66210,5
66211,1
66212,1
66213,2
66214,1
66215,1
66216,2
66218,1
66219,4
66221,3
66223,2
66224,1
66226,2
66250,2
66502,2
66503,1
66507,1
66604,2
66605,1
66607,1
66611,1
66615,1
66617,1
66618,1
66801,2
67002,1
67060,1
67147,3
67203,1
67204,1
67206,2
67207,2
67208,1
67211,1
67212,2
67220,1
67226,1
67228,1
67230,1
67235,1
67301,1
67357,3
67439,1
67450,1
67460,1
67501,1
67502,2
67526,1
67530,2
67554,2
67846,1
67953,1
68003,1
68005,2
68007,2
68022,5
68023,1
68025,3
68028,1
68033,1
68046,1
68066,1
68102,3
68104,1
68105,4
68106,1
68108,1
68114,1
68116,4
68123,2
68127,1
68128,2
68130,1
68131,2
68133,1
68134,2
68135,3
68136,2
68137,4
68144,1
68147,2
68154,1
68164,3
68350,1
68401,1
68405,3
68446,1
68450,1
68462,1
68502,1
68503,6
68504,2
68508,1
68510,2
68516,3
68521,2
68526,1
68528,1
68661,1
68763,1
68787,1
68801,1
68803,2
68818,2
68822,1
68845,1
68847,1
69045,1
69101,2
69143,2
69357,1
70001,3
70002,1
70003,2
70005,4
70006,1
70043,1
70047,2
70049,1
70054,1
70058,1
70062,1
70065,4
70071,1
70072,2
70092,1
70094,1
70114,1
70115,14
70116,1
70117,5
70118,6
70119,6
70122,4
70123,1
70124,5
70128,1
70130,2
70310,1
70397,1
70401,1
70403,1
70420,1
70433,1
70437,1
70447,2
70448,1
70452,1
70454,1
70458,1
70460,1
70461,3
70471,1
70503,1
70507,1
70508,4
70560,5
70570,1
70586,1
70601,3
70605,2
70611,1
70706,1
70711,1
70726,2
70760,1
70764,1
70769,1
70783,1
70785,2
70791,2
70801,1
70805,1
70806,4
70808,4
70809,3
70810,5
70811,1
70815,1
70816,2
70817,2
70820,2
71101,2
71106,2
71109,2
71111,1
71112,1
71115,1
71201,1
71203,2
71225,1
71241,1
71263,1
71269,1
71270,2
71280,1
71292,1
71328,1
71360,1
71603,1
71635,1
71655,2
71765,1
71766,1
71836,3
71913,2
71943,1
72002,1
72012,1
72015,1
72019,1
72026,1
72034,6
72058,1
72076,2
72086,2
72099,1
72113,6
72116,1
72118,1
72120,3
72143,2
72160,1
72211,3
72223,8
72227,1
72335,1
72372,1
72401,2
72404,3
72432,1
72442,1
72550,1
72616,1
72701,9
72703,3
72704,2
72712,14
72713,5
72714,4
72715,1
72719,1
72730,1
72745,3
72751,2
72756,3
72758,8
72761,3
72762,5
72764,2
72774,1
72801,2
72802,3
72837,2
72842,1
72858,1
72908,1
72936,1
72956,1
73010,1
73012,1
73013,13
73020,1
73027,1
73034,7
73036,1
73044,2
73045,1
73049,2
73055,1
73059,1
73064,3
73066,1
73068,2
73069,2
73071,4
73072,3
73080,1
73086,1
73099,4
73106,1
73107,1
73111,1
73112,5
73115,1
73116,1
73118,1
73120,5
73122,1
73130,1
73131,1
73132,1
73134,2
73135,1
73139,1
73162,6
73169,1
73170,5
73401,2
73443,1
73460,1
73507,4
73521,3
73527,1
73538,1
73542,2
73549,1
73601,1
73622,1
73703,1
73759,1
73842,1
740-0032,1
74008,3
74014,2
74019,3
74033,1
74037,3
74047,2
74051,2
74055,2
74063,1
74066,2
74077,1
74104,7
74105,1
74107,1
74112,1
74114,2
74127,1
74128,1
74132,1
74133,2
74135,2
74136,1
74137,4
74337,1
74361,1
74426,1
74437,1
74447,3
74455,1
74523,2
74604,1
74701,6
74745,1
74820,1
74931,1
74953,1
75001,5
75002,2
75006,2
75007,7
75009,5
75010,1
75013,4
75019,4
75020,1
75022,1
75023,4
75024,5
75025,2
75028,5
75032,1
75033,5
75034,7
75035,5
75036,5
75038,1
75039,4
75040,1
75042,2
75043,1
75044,1
75048,3
75050,1
75051,1
75052,3
75054,2
75056,5
75057,1
75060,1
75061,2
75062,5
75063,2
75067,6
75068,4
75069,6
75070,11
75071,5
75072,7
75074,3
75075,3
75077,3
75078,4
75080,3
75082,6
75087,1
75093,9
75094,2
75098,4
75104,2
75110,2
75114,1
75115,2
75119,1
75126,2
75137,1
75142,1
75149,1
75150,2
75154,1
75165,5
75166,1
75167,1
75169,1
75181,1
75189,2
75201,12
75202,1
75203,2
75204,11
75205,5
75206,21
75207,2
75208,4
75209,7
75211,2
75212,1
75214,10
75218,1
75219,9
75220,2
75224,1
75225,3
75227,2
75229,6
75230,5
75231,1
75233,1
75234,1
75235,3
75236,1
75238,5
75240,2
75243,7
75244,2
75248,11
75249,1
75252,7
75254,1
75287,3
75402,1
75410,1
75418,1
75423,1
75457,1
75460,2
75472,2
75486,1
75495,1
75563,1
75573,1
75604,2
75605,2
75633,1
75644,1
75654,1
75657,1
75670,1
75672,1
75686,2
75701,1
75702,1
75703,6
75755,1
75758,2
75773,1
75791,1
75838,1
75839,1
75851,1
75901,1
75938,1
75944,1
75964,1
75965,1
76001,3
76002,2
76006,4
76008,1
76009,1
76010,1
76011,3
76012,2
76013,2
76016,2
76017,2
76020,2
76021,1
76022,1
76028,3
76033,2
76034,3
76036,1
76039,5
76040,3
76043,2
76048,1
76049,6
76051,12
76052,1
76053,1
76060,1
76063,3
76067,5
76082,4
76084,1
76085,1
76086,3
76087,1
76088,3
76092,4
76106,1
76107,5
76108,1
76109,9
76110,5
76112,4
76114,2
76115,1
76116,5
76117,2
76118,2
76119,1
76123,2
76126,5
76131,1
76132,6
76133,2
76134,1
76135,2
76137,3
76155,1
76177,3
76179,7
76180,2
76182,4
76201,1
76205,3
76210,5
76226,11
76227,2
76233,1
76238,1
76240,1
76244,6
76245,1
76248,3
76259,2
76262,5
76306,1
76310,1
76401,1
76437,1
76484,1
76501,1
76502,2
76504,3
76513,2
76522,1
76534,1
76537,1
76539,1
76542,2
76550,2
76559,1
76634,1
76643,2
76645,2
76656,1
76657,2
76670,1
76705,1
76706,1
76707,1
76710,1
76712,3
76801,1
76834,1
76904,1
77004,4
77005,3
77006,9
77007,12
77008,9
77009,4
77014,2
77015,1
77018,3
77019,3
77021,2
77023,1
77024,4
77025,6
77027,3
77030,6
77036,1
77037,2
77040,3
77041,5
77042,4
77043,3
77044,3
77047,1
77048,1
77053,1
77054,4
77055,2
77056,1
77057,5
77059,2
77066,2
77068,1
77069,1
77071,1
77075,1
77077,4
77079,3
77080,1
77081,1
77082,4
77084,5
77085,1
77088,1
77089,3
77091,1
77092,1
77095,3
77096,3
77098,4
77099,1
77301,1
77303,1
77336,1
77338,1
77339,5
77345,2
77346,9
77349,1
77354,3
77356,1
77357,1
77358,1
77365,5
77371,1
77372,1
77375,7
77377,2
77379,5
77380,3
77381,3
77382,6
77384,2
77385,3
77386,3
77388,4
77389,4
77396,2
77401,3
77406,4
77407,2
77414,2
77418,1
77429,7
77433,11
77435,1
77441,2
77449,5
77450,6
77459,2
77469,4
77474,1
77478,3
77479,10
77484,1
77489,1
77493,3
77494,4
77498,2
77505,1
77507,1
77511,3
77515,1
77521,2
77531,1
77532,1
77536,1
77541,1
77546,4
77550,4
77551,1
77566,2
77571,2
77573,6
77577,1
77578,2
77581,1
77583,1
77584,5
77586,2
77587,1
77590,1
77598,1
77632,1
77651,1
77656,1
77657,2
77659,2
77662,1
77701,1
77705,2
77706,3
77707,1
77713,1
77802,4
77803,1
77807,2
77833,1
77840,3
77845,4
77868,1
77901,1
77991,1
78006,9
78015,10
78023,1
78028,2
78063,1
78102,2
78108,3
78130,4
78132,1
78133,2
78201,1
78204,2
78209,5
78211,1
78212,6
78213,4
78215,1
78216,2
78217,4
78218,1
78220,1
78230,9
78231,3
78232,3
78233,2
78235,1
78239,1
78240,1
78242,1
78245,2
78247,6
78248,3
78249,3
78250,1
78253,5
78254,4
78257,1
78258,1
78259,1
78260,1
78261,1
78264,1
78332,1
78363,1
78368,1
78374,2
78382,2
78411,1
78412,3
78413,1
78414,1
78415,1
78416,1
78418,2
78501,4
78502,1
78503,1
78504,3
78520,3
78521,1
78539,2
78541,2
78542,1
78550,1
78552,2
78569,2
78572,2
78574,1
78584,2
78586,2
78595,1
78599,1
78602,2
78610,1
78613,7
78617,2
78620,5
78621,3
78626,7
78628,5
78633,1
78634,2
78640,1
78641,11
78642,2
78645,2
78660,10
78664,6
78665,13
78666,4
78669,1
78676,1
78681,9
78701,10
78702,14
78703,7
78704,19
78705,10
78717,3
78721,1
78722,5
78723,11
78724,3
78726,3
78727,6
78728,3
78729,4
78730,3
78731,4
78732,4
78733,3
78734,1
78735,3
78736,1
78737,2
78738,10
78739,3
78741,7
78744,3
78745,9
78746,7
78747,1
78748,12
78749,8
78750,7
78751,8
78752,4
78753,1
78754,3
78756,4
78757,11
78758,6
78759,9
78765,1
78839,1
78852,1
78861,1
78933,1
78942,1
78945,1
78950,1
78954,1
78956,2
78957,1
79007,2
79042,1
79065,2
79084,1
79092,1
79102,1
79107,2
79109,1
79119,1
79225,1
79311,1
79360,1
79382,1
79413,1
79416,2
79423,2
79424,4
79511,1
79512,1
79536,1
79602,1
79603,1
79606,1
79701,2
79705,2
79706,2
79707,3
79710,1
79756,1
79761,1
79763,2
79764,1
79765,2
79843,1
79904,1
79912,2
79922,1
79924,2
79925,3
79928,2
79930,4
79932,1
79935,1
79936,3
79938,2
80002,1
80003,2
80004,4
80005,3
80006,1
80007,2
80010,2
80012,5
80013,3
80014,3
80015,4
80016,4
80017,1
80020,7
80021,9
80022,2
80023,6
80024,1
80026,7
80027,11
80031,2
80033,2
80104,2
80108,6
80109,1
80110,3
80111,8
80112,6
80113,9
80118,2
80120,1
80122,7
80123,2
80124,1
80125,3
80126,6
80127,7
80128,2
80129,2
80130,2
80132,3
80134,8
80138,3
80202,11
80203,13
80204,6
80205,13
80206,15
80207,4
80209,5
80210,19
80211,12
80212,11
80214,7
80215,1
80216,1
80218,6
80219,5
80220,8
80221,2
80222,3
80224,2
80226,9
80227,4
80228,2
80229,2
80230,2
80231,4
80232,2
80233,2
80235,1
80236,1
80237,3
80238,12
80241,2
80246,2
80249,1
80252,1
80260,1
80301,7
80302,5
80303,4
80304,10
80305,4
80309,1
80401,4
80403,1
80424,2
80433,1
80439,5
80443,1
80444,2
80452,1
80461,3
80465,2
80482,1
80501,8
80503,3
80504,6
80513,2
80516,2
80517,3
80521,2
80524,4
80525,8
80526,3
80528,1
80537,1
80538,2
80540,4
80543,1
80549,1
80550,1
80601,4
80602,1
80603,1
80615,1
80621,3
80631,1
80634,1
80720,1
80728,1
80734,1
80751,1
80758,1
80796,1
80816,1
80817,2
80829,2
80831,1
80903,4
80904,1
80905,1
80906,5
80907,7
80908,6
80909,3
80910,3
80911,2
80915,1
80916,1
80917,1
80918,2
80919,8
80920,1
80921,3
80922,3
80923,1
80924,3
80925,1
80926,1
81004,1
81005,1
81007,1
81008,2
81050,1
81082,1
81222,2
81230,1
81241,1
81301,4
81321,1
81328,1
81413,1
81416,1
81428,1
81501,1
81503,1
81505,1
81507,2
81526,1
81611,1
81621,1
81623,1
81631,1
81632,1
81639,1
81647,1
81650,1
81657,2
82001,1
82007,2
82009,1
82070,2
82072,4
82082,1
82301,1
82601,1
82604,2
82609,1
82718,2
82721,1
82801,1
83001,6
83002,1
83014,1
83101,1
83201,1
83202,1
83214,1
83250,1
83301,1
83313,2
83333,1
83340,1
83401,1
83404,1
83406,1
83440,3
83442,1
83455,1
83607,1
83616,3
83634,1
83642,2
83644,1
83646,5
83647,1
83648,1
83651,1
83655,1
83661,1
83670,1
83686,1
83687,2
83701,1
83702,8
83703,4
83705,3
83706,6
83709,4
83712,4
83713,6
83714,5
83716,1
83801,1
83814,2
83815,3
83835,1
83843,2
83854,4
83865,1
84003,5
84004,3
84005,3
84009,3
84010,2
84013,2
84014,4
84015,6
84020,5
84025,1
84029,1
84032,1
84037,4
84040,4
84041,3
84042,1
84043,17
84044,3
84045,2
84047,3
84049,2
84057,2
84058,6
84059,1
84060,2
84062,8
84065,3
84067,4
84074,1
84075,3
84078,1
84081,2
84088,4
84092,2
84093,1
84094,2
84095,1
84096,8
84097,1
84098,3
84101,4
84102,3
84103,8
84104,2
84105,2
84106,4
84107,3
84108,8
84109,5
84111,3
84115,2
84116,1
84117,3
84118,2
84119,2
84120,2
84121,5
84123,4
84124,1
84128,1
84129,3
84310,2
84315,2
84320,2
84321,7
84326,1
84332,4
84341,3
84401,10
84403,6
84404,6
84405,7
84414,5
84501,1
84513,1
84601,3
84604,19
84606,9
84629,1
84651,3
84660,5
84663,2
84664,2
84720,4
84721,3
84741,1
84765,1
84770,6
84779,1
84780,2
84790,6
85001,1
85003,1
85004,3
85006,1
85007,2
85008,9
85012,2
85013,2
85014,9
85015,4
85016,11
85017,2
85018,19
85020,10
85021,4
85022,2
85023,8
85024,2
85027,1
85028,2
85032,1
85033,1
85037,1
85042,6
85043,2
85044,15
85045,1
85048,9
85050,4
85051,1
85053,2
85054,3
85085,5
85087,1
85118,1
85120,1
85128,1
85131,1
85138,4
85140,2
85142,6
85143,1
85201,8
85202,5
85203,2
85204,6
85205,4
85206,3
85207,3
85208,2
85209,4
85210,2
85212,8
85213,3
85215,6
85224,12
85225,2
85226,7
85233,12
85234,7
85248,14
85249,6
85250,4
85251,9
85253,7
85254,7
85255,3
85256,1
85257,5
85258,3
85259,6
85260,10
85262,4
85266,2
85267,1
85268,2
85281,4
85282,6
85283,5
85284,5
85286,6
85295,7
85296,5
85297,5
85298,9
85301,3
85302,2
85305,4
85307,1
85308,5
85310,1
85323,2
85331,8
85338,1
85339,5
85340,1
85349,1
85351,2
85364,2
85365,2
85367,2
85373,3
85379,3
85381,3
85382,2
85383,6
85387,1
85388,3
85390,1
85395,2
85396,2
85501,1
85541,1
85607,1
85614,1
85629,6
85635,6
85641,2
85654,1
85658,3
85701,5
85704,3
85705,5
85706,1
85710,3
85711,4
85712,1
85715,2
85716,5
85718,4
85719,4
85730,2
85737,2
85739,1
85741,2
85742,2
85743,2
85745,2
85746,2
85747,1
85748,3
85749,2
85750,9
85757,1
85929,2
86001,4
86004,5
86011,1
86032,1
86040,2
86046,1
86301,1
86303,2
86314,1
86326,1
86351,1
86401,2
86404,3
86406,1
86409,1
86440,1
86504,1
87043,3
87068,1
87083,2
87102,2
87105,1
87106,2
87107,4
87108,3
87109,1
87110,4
87111,7
87112,4
87113,2
87114,1
87120,1
87121,3
87122,1
87124,4
87144,2
87301,1
87401,1
87410,1
87413,1
87455,2
87501,2
87505,3
87507,2
87508,3
87532,1
87540,1
87544,2
87571,5
87821,1
87828,1
88001,1
88007,1
88012,1
88030,1
88046,1
88061,1
88101,4
88113,1
88125,2
88130,2
88220,1
88240,4
88310,3
88345,1
89002,6
89005,2
89011,4
89012,6
89014,3
89030,1
89031,3
89032,1
89044,2
89052,7
89074,3
89081,1
89084,1
89085,1
89101,1
89102,1
89103,2
89104,1
89107,1
89110,2
89113,1
89115,2
89117,1
89118,1
89121,3
89122,1
89123,1
89128,2
89129,3
89130,2
89131,2
89134,1
89135,1
89138,4
89139,3
89141,1
89144,10
89145,1
89147,4
89149,7
89156,1
89166,9
89169,1
89178,2
89179,1
89183,2
89406,1
89423,1
89431,1
89434,1
89436,6
89448,1
89451,2
89501,2
89502,1
89503,2
89509,4
89511,7
89519,4
89521,7
89523,3
89703,3
89704,1
89705,3
89706,1
90001,1
90003,1
90004,11
90005,7
90006,2
90007,3
90008,2
90010,3
90011,1
90012,6
90013,3
90014,3
90015,11
90016,9
90017,3
90018,1
90019,12
90020,2
90022,2
90024,10
90025,24
90026,18
90027,11
90028,6
90029,3
90031,7
90032,4
90033,1
90034,22
90035,9
90036,14
90037,1
90038,7
90039,14
90041,3
90042,11
90043,5
90044,2
90045,8
90046,32
90047,2
90048,12
90049,17
90056,3
90062,1
90064,11
90065,9
90066,37
90067,2
90068,14
90069,7
90077,1
90094,19
90201,1
90210,16
90211,2
90212,7
90220,2
90230,2
90232,12
90241,1
90242,1
90245,2
90247,1
90250,1
90254,14
90260,1
90265,8
90266,13
90270,2
90272,7
90274,11
90275,4
90277,14
90278,14
90280,3
90291,25
90292,15
90293,5
90301,2
90302,5
90303,1
90401,1
90402,9
90403,9
90404,4
90405,12
90429,1
90501,3
90502,2
90503,6
90504,4
90505,7
90507,1
90601,5
90602,1
90603,1
90604,4
90605,1
90606,1
90620,4
90623,2
90630,5
90631,5
90638,3
90650,3
90660,3
90670,2
90680,5
90703,5
90706,3
90712,3
90713,4
90717,2
90720,6
90731,2
90732,3
90740,4
90743,1
90744,1
90745,1
90746,1
90755,2
90802,5
90803,9
90804,4
90805,2
90806,4
90807,12
90808,10
90813,2
90814,9
90815,6
91001,10
91006,5
91010,2
91011,8
91016,5
91024,1
91030,7
91040,5
91042,1
91101,3
91103,1
91104,8
91105,4
91106,5
91107,5
91108,6
91202,5
91203,2
91204,1
91206,6
91207,1
91208,4
91214,3
91301,14
91302,10
91303,5
91304,2
91306,2
91307,4
91316,4
91320,7
91321,2
91325,5
91326,6
91335,8
91342,2
91343,1
91344,3
91345,2
91350,2
91352,1
91354,4
91355,4
91356,1
91360,5
91361,10
91362,6
91364,5
91367,4
91377,3
91381,1
91384,3
91385,1
91387,2
91390,1
91401,1
91402,1
91403,5
91406,3
91409,1
91411,6
91423,10
91436,1
91501,4
91504,3
91505,1
91506,7
91601,7
91602,7
91604,3
91605,2
91606,4
91607,9
91701,5
91702,1
91706,1
91709,5
91710,2
91711,7
91723,1
91724,1
91730,5
91733,2
91737,1
91739,1
91740,2
91741,2
91744,1
91745,7
91748,2
91750,1
91752,2
91755,2
91759,1
91762,1
91763,2
91766,1
91768,1
91773,1
91775,1
91780,1
91784,2
91789,2
91790,1
91791,5
91801,7
91902,2
91910,1
91911,4
91913,3
91915,2
91917,1
91932,1
91935,1
91941,2
91942,5
91945,1
91950,1
91977,5
92007,9
92008,4
92009,11
92010,1
92011,4
92014,10
92017,1
92019,3
92020,4
92021,5
92024,20
92026,5
92027,2
92028,2
92029,1
92037,17
92040,1
92054,5
92056,7
92057,9
92058,2
92064,6
92065,4
92067,1
92069,5
92071,3
92075,6
92078,6
92081,5
92082,3
92083,3
92084,4
92091,1
92092,2
92101,13
92102,5
92103,8
92104,11
92105,3
92106,4
92107,10
92108,10
92109,21
92110,6
92111,4
92112,1
92113,1
92114,3
92115,13
92116,9
92117,10
92118,7
92119,2
92120,4
92121,4
92122,9
92123,1
92124,2
92126,2
92127,15
92128,5
92129,3
92130,24
92131,14
92138,1
92154,1
92173,3
92210,3
92211,2
92220,2
92223,1
92227,2
92240,2
92243,2
92250,1
92252,1
92253,7
92254,1
92260,2
92262,7
92264,4
92270,2
92274,1
92277,1
92284,2
92307,3
92308,1
92311,2
92313,1
92314,1
92315,1
92320,2
92325,1
92335,3
92336,3
92337,1
92345,2
92365,1
92373,4
92374,1
92376,1
92392,2
92395,2
92399,5
92407,3
92501,1
92503,3
92504,1
92505,1
92506,4
92507,1
92508,2
92509,3
92530,2
92532,3
92543,4
92544,1
92545,4
92551,4
92553,1
92562,4
92563,3
92570,1
92571,1
92582,3
92584,3
92586,2
92592,5
92595,3
92602,1
92603,4
92604,5
92606,7
92610,2
92612,3
92614,4
92617,7
92618,19
92620,6
92625,12
92626,10
92627,9
92629,7
92630,6
92637,1
92646,6
92647,6
92648,18
92649,2
92651,9
92653,3
92656,9
92657,3
92660,9
92662,1
92663,7
92672,9
92673,10
92674,1
92675,8
92677,15
92679,6
92683,2
92688,2
92691,1
92692,8
92694,7
92703,1
92704,1
92705,10
92706,5
92707,4
92708,1
92780,6
92782,4
92802,1
92804,4
92805,5
92806,2
92808,4
92816,1
92821,7
92831,2
92832,1
92833,1
92835,2
92840,4
92841,1
92843,2
92845,1
92860,2
92861,1
92865,1
92866,1
92867,4
92868,4
92869,6
92870,5
92871,1
92879,2
92880,9
92881,1
92882,3
92883,4
92886,5
92887,3
93001,1
93003,7
93004,1
93010,8
93012,2
93015,1
93021,2
93023,8
93030,3
93033,1
93036,1
93041,1
93062,1
93063,4
93065,1
93101,3
93103,4
93105,6
93108,8
93110,6
93111,4
93117,5
93121,1
93212,1
93230,6
93232,1
93245,1
93257,1
93265,1
93274,1
93277,3
93291,5
93292,2
93301,2
93304,1
93306,3
93308,1
93309,1
93311,3
93312,4
93313,2
93314,3
93401,6
93402,5
93405,8
93420,3
93422,2
93427,1
93436,2
93437,1
93440,1
93442,1
93446,4
93449,3
93454,2
93458,2
93463,2
93465,1
93510,1
93535,2
93536,2
93550,2
93552,1
93555,2
93561,2
93601,1
93610,1
93611,5
93618,1
93619,11
93622,1
93635,3
93636,3
93637,4
93639,1
93644,2
93653,1
93654,2
93702,3
93704,3
93705,1
93706,1
93710,1
93711,5
93720,4
93722,4
93723,3
93726,4
93727,2
93728,1
93730,1
93747,1
93901,2
93907,3
93908,3
93920,1
93921,2
93923,3
93924,2
93933,2
93940,4
93953,6
93955,1
93960,2
94002,20
94005,3
94010,48
94014,16
94015,15
94016,2
94019,9
94020,1
94022,23
94024,17
94025,69
94027,12
94028,17
94030,15
94031,1
94035,1
94038,1
94040,28
94041,17
94043,35
94044,22
94061,25
94062,55
94063,23
94065,10
94066,17
94070,45
94080,20
94085,14
94086,23
94087,27
94089,2
94102,68
94103,100
94105,44
94107,116
94108,17
94109,126
94110,250
94111,11
94112,49
94113,1
94114,117
94115,96
94116,36
94117,152
94118,71
94121,29
94122,54
94123,102
94124,4
94127,24
94129,10
94130,3
94131,66
94132,6
94133,41
94134,9
94151,1
94153,1
94158,41
94160,1
94301,30
94302,1
94303,27
94304,1
94305,12
94306,31
94401,14
94402,35
94403,33
94404,30
94501,52
94502,8
94503,1
94505,3
94506,15
94507,4
94509,2
94510,5
94513,38
94515,3
94516,1
94517,1
94518,12
94519,4
94520,2
94521,9
94523,16
94525,1
94526,17
94530,17
94531,2
94533,2
94534,1
94536,17
94538,16
94539,17
94541,9
94542,1
94544,7
94545,4
94546,6
94547,1
94549,21
94550,10
94551,10
94552,7
94553,4
94555,14
94556,7
94558,12
94559,6
94560,12
94561,12
94563,23
94564,4
94565,8
94566,18
94567,1
94568,16
94572,2
94574,1
94577,29
94578,4
94579,3
94580,1
94582,5
94583,15
94585,1
94586,1
94587,11
94588,11
94589,1
94590,2
94591,2
94595,9
94596,11
94597,13
94598,16
94601,15
94602,28
94603,1
94605,12
94606,20
94607,26
94608,20
94609,22
94610,48
94611,52
94612,21
94618,32
94619,12
94621,1
94702,14
94703,19
94704,7
94705,24
94706,19
94707,13
94708,18
94709,6
94710,11
94801,2
94803,3
94804,8
94805,6
94806,4
94901,12
94903,13
94904,9
94920,42
94923,4
94925,12
94928,4
94930,2
94931,2
94937,2
94939,6
94941,62
94945,7
94947,10
94949,5
94952,10
94954,6
94956,2
94957,4
94960,4
94963,1
94965,21
94970,2
94973,1
95003,3
95005,3
95006,3
95008,14
95010,3
95012,1
95014,33
95017,1
95018,2
95020,8
95023,2
95024,1
95030,11
95032,21
95033,2
95035,19
95037,20
95050,12
95051,32
95054,12
95060,10
95062,13
95063,2
95065,2
95066,10
95070,14
95073,3
95076,5
95101,1
95110,10
95111,4
95112,17
95113,2
95116,5
95117,4
95118,11
95119,6
95120,18
95121,7
95122,1
95123,27
95124,14
95125,29
95126,15
95127,11
95128,11
95129,10
95130,4
95131,9
95132,10
95133,8
95134,18
95135,11
95136,11
95138,1
95139,3
95148,6
95203,4
95204,2
95207,4
95209,1
95210,1
95212,2
95215,1
95219,8
95220,3
95225,1
95240,1
95242,2
95249,3
95301,5
95304,1
95307,4
95316,1
95317,1
95330,1
95336,3
95337,3
95340,3
95348,2
95350,4
95351,2
95354,1
95355,4
95356,4
95357,1
95360,2
95361,3
95363,3
95366,1
95367,5
95370,4
95376,5
95377,2
95379,1
95382,6
95388,1
95391,4
95401,5
95403,4
95404,14
95405,5
95407,3
95409,7
95425,1
95436,2
95439,1
95442,1
95446,6
95448,4
95452,2
95453,1
95461,1
95465,4
95467,1
95472,13
95476,11
95482,2
95492,3
95497,1
95501,2
95519,1
95528,1
95536,1
95565,1
95603,7
95605,1
95608,8
95610,7
95611,1
95616,17
95618,5
95621,2
95623,1
95624,5
95628,4
95630,30
95632,1
95642,1
95648,3
95661,4
95662,4
95663,1
95667,4
95670,2
95673,1
95677,2
95678,3
95681,1
95682,3
95683,1
95687,2
95688,1
95690,1
95691,4
95695,2
95701,1
95709,1
95726,2
95735,1
95742,3
95746,8
95747,11
95757,6
95758,6
95762,12
95765,3
95776,5
95811,6
95813,1
95814,4
95815,1
95816,7
95817,3
95818,6
95819,4
95820,5
95821,3
95822,1
95823,3
95824,2
95825,3
95826,5
95829,3
95831,6
95833,4
95834,22
95835,25
95838,5
95841,2
95842,1
95843,3
95864,6
95926,9
95928,6
95938,1
95945,7
95949,1
95954,1
95955,1
95959,4
95961,2
95969,1
95971,2
95973,3
95978,1
95979,1
95993,3
96001,6
96002,8
96003,6
96080,1
96140,2
96141,1
96145,3
96146,2
96150,4
96160,1
96161,9
96701,2
96704,1
96707,5
96734,6
96740,6
96743,3
96744,2
96753,6
96756,1
96761,1
96766,1
96789,3
96813,3
96814,2
96815,1
96816,1
96817,3
96818,3
96819,2
96821,2
96822,4
96825,3
97003,2
97004,2
97005,4
97006,8
97007,6
97008,4
97020,1
97027,1
97030,1
97031,20
97032,1
97034,7
97035,8
97041,2
97045,1
97048,1
97051,2
97055,1
97056,3
97058,2
97062,14
97067,1
97068,10
97070,2
97078,2
97080,6
97086,4
97089,1
97114,1
97116,2
97117,1
97123,2
97124,6
97131,1
97132,5
97133,1
97138,1
97140,1
97143,1
97201,8
97202,17
97203,9
97205,2
97206,11
97209,10
97210,6
97211,13
97212,9
97213,15
97214,15
97215,7
97216,2
97217,16
97218,2
97219,14
97221,14
97222,3
97223,8
97224,4
97225,3
97227,5
97229,14
97230,3
97231,1
97232,7
97233,1
97239,8
97266,5
97301,5
97302,2
97303,4
97304,1
97322,2
97330,5
97331,1
97333,3
97338,1
97355,3
97365,3
97366,2
97378,1
97389,1
97394,1
97401,6
97402,2
97403,1
97404,1
97405,4
97408,1
97410,1
97411,1
97415,1
97417,1
97420,1
97423,1
97439,1
97446,1
97448,1
97450,1
97457,1
97459,1
97465,1
97470,1
97471,2
97477,4
97479,1
97501,2
97502,2
97504,4
97520,2
97526,3
97535,2
97603,1
97701,7
97702,6
97703,7
97756,3
97835,2
97836,1
97862,1
98001,1
98002,4
98003,1
98004,14
98006,9
98007,5
98008,2
98011,7
98012,7
98013,1
98014,1
98019,1
98021,4
98023,4
98024,4
98026,2
98027,7
98028,3
98029,9
98030,1
98031,1
98032,2
98033,13
98034,13
98036,7
98037,5
98038,4
98039,1
98040,10
98042,3
98043,2
98052,22
98053,3
98056,3
98057,1
98058,2
98059,3
98065,2
98070,3
98072,5
98074,3
98075,10
98077,2
98087,4
98092,1
98101,10
98102,19
98103,29
98104,3
98105,12
98106,4
98107,17
98108,7
98109,17
98110,10
98112,13
98115,18
98116,7
98117,13
98118,8
98119,11
98121,38
98122,24
98125,6
98126,1
98133,4
98136,7
98144,15
98146,2
98155,6
98166,2
98177,8
98178,2
98181,1
98188,1
98198,3
98199,20
98201,3
98204,2
98208,5
98225,10
98226,7
98228,1
98229,5
98230,2
98239,2
98248,3
98250,1
98251,1
98253,1
98257,1
98258,3
98260,1
98270,2
98272,1
98273,3
98274,1
98275,1
98277,1
98284,1
98290,1
98292,1
98296,3
98312,3
98321,1
98335,3
98342,2
98345,1
98346,4
98349,1
98362,1
98366,1
98367,2
98368,2
98370,4
98373,1
98374,4
98375,1
98382,1
98385,1
98387,2
98388,1
98390,1
98391,5
98394,1
98402,3
98403,6
98405,2
98406,3
98407,2
98409,2
98422,4
98424,1
98433,2
98445,1
98446,1
98466,1
98499,2
98501,3
98502,1
98505,1
98506,2
98512,3
98513,2
98516,1
98531,4
98532,1
98541,1
98550,1
98565,1
98579,1
98580,1
98585,1
98620,1
98625,1
98629,3
98635,1
98644,2
98660,2
98661,1
98665,3
98671,3
98672,2
98674,1
98682,7
98683,2
98684,3
98685,1
98686,3
98801,5
98802,1
98812,1
98815,1
98823,3
98862,1
98902,1
98908,4
98926,1
98942,2
98944,1
99004,2
99019,1
99021,3
99036,1
99037,1
99101,1
99114,1
99201,4
99202,2
99203,8
99205,2
99206,3
99207,3
99208,4
99216,1
99217,4
99223,6
99224,2
99301,2
99324,2
99336,1
99338,1
99352,2
99354,3
99362,1
99501,3
99502,1
99507,3
99508,2
99515,2
99517,2
99518,3
99573,1
99603,1
99611,1
99615,2
99623,1
99645,2
99654,1
99701,1
99709,1
99801,1
99901,1
99999,1
